13
197
1114
914
1029
230
532
856
789
980
987
272
855
868
48
492
743
970
862
694
956
826
944
725
309
604
1187
574
85
790
562
1069
920
959
921
42
788
1061
156
586
307
399
487
707
830
86
1190
98
1011
569
652
217
633
1151
950
973
1014
550
947
865
415
321
1036
304
26
537
208
564
363
685
413
392
110
290
398
335
864
434
644
792
357
1064
901
680
64
1033
123
233
649
622
941
477
894
510
929
998
180
767
768
300
637
857
689
892
621
645
820
870
927
71
153
954
493
705
1148
722
867
1110
240
660
918
822
976
470
882
1089
407
1060
527
909
221
718
757
1195
251
1182
320
125
350
751
312
143
459
810
424
274
1067
1032
1005
1007
437
378
661
646
463
286
266
160
37
653
858
699
1106
911
447
195
724
58
183
136
1019
1065
560
1051
155
501
263
1030
25
150
957
176
276
105
353
1027
1017
349
1078
524
27
1159
1120
303
481
374
880
165
259
102
595
482
387
91
1167
684
744
305
819
471
975
130
329
672
283
81
393
939
1158
484
711
462
324
605
674
1157
411
872
420
449
147
346
913
115
1082
638
737
678
331
103
207
205
712
80
581
1117
702
714
825
1115
754
990
785
196
361
219
903
540
602
1198
264
164
809
842
439
55
1131
1119
235
1140
659
593
179
140
995
871
436
585
497
347
50
56
1073
421
898
375
1179
800
609
521
1149
322
1141
328
878
174
69
1183
1028
182
