11999
11998
11996
11995
11990
11989
11988
11987
11986
11985
11980
11978
11977
11974
11973
11970
11966
11965
11960
11955
11951
11944
11943
11939
11938
11936
11932
11930
11926
11924
11923
11918
11910
11904
11903
11901
11896
11895
11893
11891
11888
11885
11880
11873
11871
11870
11865
11864
11861
11856
11851
11843
11836
11831
11820
11819
11808
11804
11798
11796
11788
11782
11775
11772
11757
11753
11751
11748
11740
11737
11734
11730
11728
11707
11702
11701
11700
11691
11689
11688
11687
11682
11680
11677
11666
11664
11662
11661
11660
11658
11657
11653
11648
11637
11636
11633
11623
11615
11610
11606
11604
11595
11582
11580
11575
11569
11568
11566
11563
11560
11557
11549
11548
11546
11544
11514
11509
11508
11505
11504
11496
11494
11492
11482
11470
11468
11462
11461
11457
11452
11451
11447
11445
11443
11440
11438
11436
11435
11427
11424
11419
11416
11409
11408
11404
11401
11400
11398
11390
11387
11385
11381
11364
11355
11350
11346
11345
11343
11339
11330
11328
11320
11313
11310
11306
11304
11300
11294
11290
11289
11285
11283
11276
11274
11271
11263
11259
11240
11238
11224
11218
11216
11215
11214
11211
11208
11196
11192
11190
11188
11184
11179
11178
11176
11174
11171
11168
11165
11164
11155
11146
11145
11144
11138
11134
11127
11122
11117
11115
11113
11111
11110
11106
11105
11099
11096
11095
11090
11082
11080
11079
11076
11063
11062
11061
11059
11057
11054
11053
11052
11050
11049
11043
11041
11037
11030
11029
11023
11022
11016
11015
11003
11002
10999
10998
10983
10982
10980
10979
10973
10967
10966
10955
10941
10939
10937
10932
10929
10928
10923
10922
10916
10915
10896
10892
10888
10882
10876
10862
10860
10846
10845
10844
10841
10826
10825
10823
10815
10812
10811
10808
10805
10804
10799
10783
10782
10780
10779
10765
10761
10760
10758
10755
10752
10749
10745
10724
10722
10721
10719
10708
10707
10703
10699
10694
10693
10692
10689
10686
10682
10675
10674
10673
10671
10669
10667
10662
10660
10658
10648
10647
10638
10631
10627
10619
10617
10614
10613
10605
10599
10594
10587
10571
10567
10566
10557
10556
10551
10543
10537
10535
10530
10523
10515
10512
10510
10503
10501
10496
10492
10489
10484
10474
10473
10471
10470
10468
10466
10464
10455
10451
10441
10439
10438
10428
10427
10425
10424
10422
10421
10420
10419
10416
10400
10396
10386
10380
10377
10374
10371
10369
10363
10350
10349
10343
10341
10337
10331
10327
10323
10313
10311
10287
10283
10282
10281
10278
10277
10276
10275
10274
10272
10271
10268
10264
10262
10258
10256
10252
10251
10248
10237
10236
10232
10220
10218
10215
10214
10201
10200
10199
10196
10195
10182
10180
10174
10171
10165
10161
10150
10144
10128
10125
10124
10123
10122
10121
10119
10118
10114
10109
10108
10103
10102
10100
10096
10093
10092
10088
10087
10086
10080
10075
10069
10067
10066
10064
10055
10053
10050
10048
10035
10033
10030
10029
10020
10010
10009
10000
9999
9998
9997
9987
9986
9985
9983
9977
9976
9962
9954
9953
9949
9948
9936
9934
9931
9927
9926
9921
9920
9914
9913
9911
9910
9903
9901
9899
9894
9893
9885
9883
9879
9877
9861
9860
9854
9850
9848
9847
9840
9838
9837
9834
9829
9828
9826
9822
9820
9817
9816
9814
9812
9811
9794
9788
9779
9774
9771
9769
9766
9762
9761
9759
9755
9754
9750
9747
9742
9740
9739
9738
9734
9731
9730
9726
9720
9717
9713
9703
9702
9701
9699
9697
9696
9679
9673
9672
9668
9664
9658
9649
9642
9639
9636
9634
9633
9626
9617
9615
9606
9597
9573
9547
9543
9541
9539
9538
9536
9535
9531
9528
9523
9521
9520
9514
9506
9504
9494
9492
9490
9489
9488
9481
9480
9475
9473
9471
9469
9465
9459
9453
9452
9436
9434
9430
9426
9422
9419
9413
9410
9402
9397
9390
9387
9381
9372
9371
9364
9362
9361
9360
9354
9351
9343
9342
9339
9335
9333
9330
9328
9319
9318
9313
9309
9297
9296
9294
9283
9282
9280
9274
9273
9270
9269
9257
9254
9252
9248
9224
9222
9221
9216
9215
9209
9202
9199
9195
9190
9189
9186
9181
9180
9175
9173
9161
9159
9153
9151
9142
9139
9137
9131
9118
9113
9109
9108
9105
9103
9100
9098
9096
9086
9085
9082
9081
9079
9072
9067
9064
9063
9057
9056
9052
9049
9043
9042
9039
9037
9030
9027
9020
9018
9006
8999
8993
8991
8989
8984
8983
8980
8974
8971
8969
8968
8963
8956
8955
8954
8949
8945
8940
8938
8934
8930
8928
8925
8914
8912
8906
8904
8903
8894
8893
8891
8888
8887
8885
8884
8880
8878
8874
8873
8872
8870
8865
8861
8858
8856
8854
8852
8844
8841
8826
8822
8815
8809
8802
8801
8798
8797
8796
8785
8783
8781
8779
8778
8775
8770
8757
8748
8746
8744
8742
8739
8735
8733
8730
8725
8724
8723
8717
8716
8714
8713
8709
8706
8703
8702
8698
8688
8687
8686
8685
8683
8679
8676
8648
8638
8629
8620
8618
8616
8614
8611
8609
8606
8599
8597
8596
8593
8584
8581
8575
8571
8568
8566
8560
8559
8558
8557
8556
8555
8543
8541
8533
8530
8514
8513
8507
8495
8494
8492
8484
8482
8481
8479
8473
8471
8467
8457
8456
8452
8451
8437
8432
8423
8421
8416
8415
8412
8405
8395
8386
8384
8381
8377
8371
8366
8365
8364
8360
8359
8346
8336
8334
8327
8310
8299
8282
8275
8269
8260
8257
8255
8254
8251
8249
8245
8241
8233
8231
8226
8222
8218
8196
8194
8189
8187
8178
8169
8168
8166
8164
8160
8156
8154
8153
8152
8149
8142
8140
8138
8127
8125
8117
8114
8109
8103
8102
8098
8095
8094
8088
8080
8076
8073
8069
8063
8061
8053
8051
8049
8044
8042
8036
8033
8030
8024
8023
8008
8003
7997
7991
7989
7986
7985
7982
7981
7979
7976
7970
7969
7960
7956
7955
7945
7941
7937
7936
7932
7931
7929
7923
7914
7913
7904
7901
7900
7898
7897
7894
7887
7867
7866
7864
7862
7860
7859
7858
7853
7848
7834
7824
7823
7822
7819
7818
7817
7811
7802
7798
7797
7795
7791
7787
7778
7770
7767
7763
7759
7758
7757
7753
7751
7749
7744
7743
7715
7714
7709
7708
7706
7704
7702
7697
7692
7691
7689
7686
7683
7675
7674
7672
7668
7666
7665
7659
7658
7650
7646
7644
7643
7638
7637
7634
7630
7627
7625
7620
7618
7617
7614
7613
7606
7605
7604
7603
7601
7587
7581
7576
7570
7560
7559
7549
7548
7547
7543
7542
7541
7531
7530
7527
7525
7524
7521
7516
7515
7513
7511
7502
7495
7494
7485
7481
7478
7476
7473
7471
7469
7466
7457
7456
7454
7448
7445
7441
7435
7432
7430
7428
7427
7425
7417
7412
7411
7407
7403
7400
7398
7395
7388
7387
7386
7383
7375
7374
7373
7372
7366
7362
7358
7355
7353
7350
7348
7347
7345
7342
7339
7331
7330
7328
7325
7319
7315
7309
7305
7297
7292
7286
7285
7284
7279
7275
7274
7271
7268
7266
7264
7261
7256
7254
7239
7233
7231
7228
7226
7225
7209
7206
7204
7201
7200
7185
7181
7178
7176
7170
7169
7168
7161
7152
7147
7146
7144
7143
7140
7139
7137
7135
7134
7129
7124
7122
7119
7117
7110
7108
7106
7104
7103
7101
7095
7091
7088
7084
7082
7080
7079
7075
7074
7069
7067
7061
7060
7051
7049
7045
7043
7042
7041
7039
7036
7032
7031
7028
7009
6999
6998
6995
6994
6992
6991
6985
6975
6971
6968
6966
6959
6956
6954
6941
6936
6932
6929
6925
6914
6913
6911
6908
6907
6906
6904
6902
6896
6895
6893
6890
6880
6879
6869
6868
6867
6866
6862
6859
6857
6848
6843
6840
6828
6826
6824
6823
6822
6820
6818
6817
6815
6808
6803
6798
6795
6786
6771
6769
6766
6761
6757
6754
6753
6752
6750
6748
6747
6744
6736
6731
6729
6725
6721
6713
6710
6700
6696
6692
6691
6689
6686
6682
6674
6673
6668
6667
6666
6665
6659
6656
6649
6645
6644
6640
6628
6623
6622
6615
6611
6608
6599
6595
6592
6587
6586
6583
6582
6580
6579
6572
6565
6558
6557
6553
6550
6547
6546
6543
6541
6539
6538
6535
6528
6527
6523
6520
6519
6518
6514
6509
6502
6500
6497
6486
6482
6477
6467
6466
6460
6458
6457
6455
6452
6451
6447
6446
6443
6442
6440
6438
6436
6434
6430
6428
6425
6424
6405
6403
6397
6379
6376
6375
6374
6369
6363
6359
6355
6348
6341
6332
6329
6325
6320
6318
6316
6308
6302
6301
6300
6298
6296
6286
6282
6280
6275
6272
6269
6268
6259
6256
6253
6252
6250
6247
6244
6240
6238
6231
6230
6229
6223
6222
6219
6213
6211
6210
6207
6206
6201
6198
6194
6190
6185
6184
6182
6181
6176
6172
6171
6170
6157
6151
6148
6147
6145
6139
6138
6136
6132
6131
6129
6127
6123
6121
6116
6112
6109
6104
6103
6094
6089
6085
6083
6082
6079
6077
6064
6061
6059
6046
6045
6042
6038
6034
6031
6025
6024
6022
6021
6015
6007
6003
6002
6001
5999
5987
5985
5984
5974
5969
5968
5960
5959
5955
5953
5947
5936
5935
5933
5926
5923
5921
5918
5915
5912
5910
5909
5901
5900
5895
5892
5885
5884
5883
5881
5880
5879
5878
5874
5872
5871
5870
5865
5856
5853
5851
5849
5837
5835
5829
5824
5823
5821
5819
5818
5815
5810
5807
5800
5797
5795
5791
5779
5778
5774
5773
5771
5766
5765
5764
5761
5751
5750
5743
5737
5728
5722
5718
5717
5716
5715
5699
5698
5694
5683
5678
5677
5672
5658
5651
5647
5646
5644
5642
5641
5640
5618
5614
5612
5604
5597
5596
5592
5591
5587
5585
5581
5580
5576
5566
5565
5563
5555
5552
5551
5548
5546
5539
5537
5535
5522
5518
5517
5516
5515
5510
5501
5499
5489
5488
5483
5481
5480
5478
5470
5467
5465
5455
5454
5451
5447
5443
5442
5438
5437
5436
5434
5427
5425
5417
5413
5404
5396
5391
5390
5386
5385
5382
5381
5378
5375
5370
5368
5350
5347
5342
5341
5340
5338
5336
5331
5328
5323
5320
5317
5316
5311
5305
5304
5302
5297
5290
5285
5284
5280
5275
5274
5271
5262
5257
5255
5254
5248
5247
5245
5241
5240
5237
5230
5225
5221
5218
5213
5212
5208
5207
5206
5199
5198
5191
5184
5183
5180
5177
5172
5171
5164
5160
5158
5156
5155
5154
5149
5144
5142
5141
5140
5135
5134
5133
5131
5129
5127
5109
5105
5104
5103
5096
5094
5092
5089
5088
5080
5079
5078
5073
5071
5067
5057
5056
5053
5052
5051
5049
5046
5045
5040
5036
5028
5027
5024
5022
5019
5018
5017
5006
5005
5002
4999
4995
4994
4991
4984
4983
4980
4977
4976
4972
4963
4959
4958
4954
4949
4946
4945
4928
4925
4922
4921
4920
4918
4909
4908
4904
4903
4901
4895
4889
4888
4887
4886
4885
4879
4876
4871
4868
4865
4863
4861
4856
4854
4851
4849
4848
4846
4814
4812
4810
4804
4802
4799
4794
4791
4788
4785
4779
4773
4771
4768
4767
4764
4758
4756
4755
4752
4743
4733
4732
4724
4721
4718
4710
4694
4689
4687
4672
4670
4665
4662
4651
4650
4645
4644
4643
4641
4636
4628
4622
4620
4618
4602
4600
4596
4592
4588
4586
4585
4583
4582
4580
4578
4574
4571
4568
4558
4557
4553
4543
4539
4532
4531
4525
4521
4519
4518
4517
4507
4506
4503
4501
4500
4499
4487
4481
4479
4478
4477
4466
4465
4459
4456
4451
4449
4448
4443
4440
4437
4434
4433
4432
4430
4429
4421
4419
4414
4413
4410
4402
4397
4395
4394
4389
4383
4380
4376
4373
4370
4361
4359
4357
4356
4355
4354
4352
4348
4347
4329
4327
4324
4323
4321
4319
4317
4302
4301
4297
4290
4288
4286
4285
4280
4279
4271
4268
4266
4264
4257
4252
4250
4236
4230
4220
4213
4212
4197
4194
4190
4189
4185
4182
4178
4177
4174
4173
4163
4162
4159
4158
4157
4156
4151
4148
4142
4133
4129
4124
4113
4112
4110
4105
4104
4103
4100
4099
4082
4077
4074
4073
4056
4049
4048
4045
4042
4040
4034
4032
4022
4021
4019
4017
4013
4012
4010
4004
4003
4002
3998
3993
3992
3988
3987
3985
3984
3981
3979
3977
3972
3967
3964
3962
3959
3958
3954
3953
3947
3945
3938
3937
3936
3935
3934
3929
3925
3924
3918
3914
3912
3907
3904
3900
3896
3894
3893
3892
3891
3890
3889
3888
3885
3884
3883
3881
3876
3873
3869
3863
3857
3856
3853
3850
3849
3839
3835
3833
3832
3829
3825
3820
3818
3810
3808
3803
3801
3793
3786
3773
3770
3767
3758
3753
3750
3747
3744
3742
3741
3739
3735
3732
3726
3723
3722
3715
3714
3711
3708
3706
3705
3704
3694
3693
3691
3689
3688
3686
3682
3678
3675
3673
3672
3670
3667
3662
3661
3656
3655
3648
3644
3642
3640
3608
3607
3601
3593
3591
3586
3584
3582
3576
3574
3572
3562
3559
3554
3553
3539
3536
3520
3513
3502
3499
3498
3495
3482
3481
3467
3458
3457
3455
3451
3450
3448
3438
3437
3436
3433
3432
3430
3425
3420
3419
3417
3409
3401
3395
3391
3390
3381
3379
3378
3377
3370
3366
3357
3356
3353
3340
3339
3329
3321
3319
3318
3315
3314
3306
3303
3302
3298
3284
3283
3282
3281
3279
3275
3273
3271
3268
3266
3265
3255
3251
3250
3236
3231
3228
3225
3221
3215
3211
3206
3204
3197
3196
3188
3185
3182
3175
3172
3168
3161
3152
3150
3146
3145
3143
3142
3139
3132
3130
3125
3120
3115
3110
3109
3107
3100
3091
3086
3081
3076
3071
3070
3069
3059
3058
3054
3053
3047
3046
3045
3044
3040
3035
3033
3018
3014
3010
3009
3004
3002
2998
2997
2993
2992
2991
2990
2989
2986
2984
2979
2976
2974
2972
2970
2967
2965
2960
2956
2954
2951
2942
2937
2932
2929
2924
2920
2916
2914
2912
2911
2910
2908
2906
2900
2899
2896
2893
2888
2885
2881
2878
2868
2867
2866
2858
2857
2856
2855
2844
2839
2836
2831
2820
2817
2814
2808
2807
2794
2786
2784
2783
2775
2774
2764
2762
2758
2755
2751
2742
2722
2714
2713
2711
2708
2707
2703
2702
2698
2696
2695
2694
2691
2683
2681
2678
2669
2664
2661
2660
2655
2646
2642
2641
2640
2639
2637
2628
2626
2623
2620
2616
2610
2606
2603
2596
2592
2591
2589
2587
2583
2567
2565
2561
2560
2559
2551
2550
2544
2541
2538
2537
2533
2530
2523
2522
2520
2512
2510
2509
2498
2497
2489
2488
2486
2484
2483
2476
2471
2470
2467
2466
2454
2452
2447
2441
2433
2430
2427
2424
2414
2409
2408
2406
2404
2400
2398
2397
2396
2390
2388
2379
2377
2374
2365
2358
2343
2336
2331
2329
2323
2322
2318
2317
2314
2300
2289
2285
2283
2279
2271
2269
2268
2259
2257
2248
2247
2243
2239
2238
2235
2232
2215
2212
2203
2201
2200
2199
2195
2189
2188
2187
2186
2185
2183
2173
2172
2166
2151
2148
2142
2138
2135
2133
2131
2121
2109
2107
2091
2090
2086
2078
2071
2070
2067
2065
2064
2060
2059
2057
2056
2055
2054
2053
2052
2049
2048
2047
2042
2041
2037
2035
2033
2031
2026
2025
2022
2019
2018
2017
2016
2012
2004
2002
1999
1997
1996
1994
1992
1991
1977
1972
1968
1967
1965
1963
1958
1957
1954
1953
1952
1950
1948
1945
1943
1941
1937
1933
1930
1922
1913
1912
1898
1895
1894
1893
1892
1891
1886
1881
1880
1878
1877
1871
1870
1869
1868
1862
1859
1854
1850
1849
1848
1840
1834
1833
1818
1817
1815
1814
1813
1812
1809
1798
1791
1777
1774
1770
1765
1753
1750
1745
1743
1740
1739
1737
1734
1728
1721
1719
1715
1714
1713
1712
1708
1706
1701
1696
1687
1686
1685
1683
1681
1678
1676
1675
1669
1666
1659
1656
1654
1652
1648
1647
1637
1626
1624
1623
1620
1619
1614
1611
1594
1585
1582
1578
1577
1573
1572
1571
1567
1565
1564
1553
1547
1538
1537
1509
1507
1505
1501
1500
1495
1494
1487
1486
1483
1481
1462
1457
1456
1451
1449
1445
1441
1425
1415
1407
1399
1398
1393
1391
1388
1384
1376
1375
1371
1366
1363
1352
1350
1346
1341
1337
1334
1328
1326
1325
1320
1319
1312
1310
1304
1300
1297
1296
1293
1292
1291
1289
1288
1287
1283
1280
1278
1275
1274
1267
1265
1253
1251
1249
1247
1235
1230
1224
1217
1211
1210
1204
1198
1194
1188
1185
1184
1182
1173
1172
1171
1170
1167
1162
1159
1157
1153
1145
1142
1139
1137
1131
1128
1127
1122
1121
1120
1117
1115
1114
1111
1109
1103
1095
1094
1091
1089
1085
1081
1077
1076
1075
1074
1072
1069
1068
1066
1064
1055
1052
1048
1045
1043
1034
1029
1026
1022
1021
1020
1018
1016
1012
1002
1001
998
997
996
994
992
990
979
977
975
972
967
966
960
957
950
949
948
941
938
933
932
930
927
922
918
917
908
906
905
892
888
886
884
882
880
879
878
872
866
865
864
863
861
856
855
854
842
826
825
824
822
821
816
815
812
811
807
803
801
787
780
777
771
761
751
748
745
742
736
730
718
715
714
712
711
706
704
702
699
695
694
693
691
679
674
669
667
664
661
660
654
652
645
637
633
630
628
626
623
620
617
615
611
609
602
598
593
589
587
582
578
571
565
563
562
561
557
551
550
541
540
537
531
528
525
521
519
517
515
513
512
507
500
497
493
491
486
482
475
471
468
467
464
461
460
457
452
448
445
444
443
435
433
427
426
425
424
417
415
412
405
404
401
400
394
391
386
384
379
376
371
368
366
364
363
358
353
347
346
343
339
331
328
327
324
316
294
293
288
287
285
284
282
276
272
267
264
259
258
257
252
251
246
241
231
229
228
227
225
222
219
212
211
200
192
191
190
187
186
179
173
168
165
161
151
146
143
136
135
131
128
126
120
119
111
109
103
97
94
93
91
90
89
83
80
73
66
61
60
53
42
40
30
28
26
25
19
16
9
3
0
