6966
5824
5057
4477
1948
5370
4194
4871
4370
9750
3370
5935
146
2991
8530
11509
10108
7753
4112
3366
11445
9402
11546
5953
1483
2248
9901
8269
7900
691
11022
6991
531
6582
1188
11804
10765
2343
10693
5207
5158
9826
2441
2979
5766
5036
10998
7778
6428
9081
3438
11110
5451
5672
8954
9899
3377
6021
2476
3967
7494
5718
4124
6682
3753
9717
2471
3732
1326
7103
856
1578
7675
2048
9086
3988
6936
7049
3987
6929
9221
8872
10451
6250
4213
1398
998
8679
11895
5678
5717
11930
8140
7239
6082
2052
1740
4163
966
11569
3607
3608
9098
4451
8076
3069
8724
5604
1012
1137
3168
6803
8241
3172
10780
227
2820
10455
1565
10087
9387
9983
2041
6959
9343
5046
11926
8282
5051
507
6482
3670
1941
10327
190
5999
6219
4752
4100
11452
1091
4352
2583
11757
2390
4856
1274
7513
5206
11076
3856
5154
5053
7425
11462
654
5535
9173
7375
7388
9664
10271
5257
11082
11734
2998
2447
1977
10096
5774
2509
8785
5501
6376
1878
2908
7674
3726
6869
2900
3758
5791
11062
4889
3430
2523
3693
905
2986
42
11435
119
4440
8841
3231
5144
3705
10048
6750
2565
5641
1666
6611
1996
2707
11171
10277
10722
8980
7956
7231
801
6893
11861
3379
7147
9755
6500
2626
6553
4768
824
9759
5247
10979
6184
8725
8156
228
2839
7668
9039
9422
5510
10400
7228
2678
7319
6998
10278
7502
10050
4758
7811
10501
10783
6689
3318
7638
2336
3689
1095
8364
5129
513
7328
6059
3236
7527
9049
1320
6031
5447
9914
2203
2201
6466
3356
2151
551
8423
6181
1198
11808
11350
3215
6397
3688
2002
1963
6673
2070
3419
11544
1611
3378
2019
3678
7542
7627
9085
3255
2912
9962
6879
1683
11059
3268
2065
4643
7630
8683
4854
8770
10967
3735
6713
11436
10594
6666
11134
4212
4732
9761
4045
5002
6145
6190
1654
11401
8798
5142
578
11864
4324
3661
10274
9018
1676
5350
6085
7587
5874
4357
9137
1034
2775
264
5683
7427
5647
6579
9056
10109
10272
4286
10496
10745
11870
3314
2322
7206
10150
7644
6956
10080
2637
1871
3667
6823
11224
8053
4397
3539
7495
4958
10275
8714
3818
996
8566
4583
7659
11901
5336
1077
10614
10928
3958
2510
11240
10000
3655
11753
1999
445
457
5017
7448
2714
10812
111
80
2289
8154
1341
7430
2522
143
5199
4103
3723
40
854
5172
4799
2596
3109
6363
1075
1739
5947
11063
3574
4972
2942
5743
4268
9931
10660
4991
10171
10825
3391
4846
609
8974
4162
19
3139
3319
2606
11918
7763
598
3934
4602
7787
8906
3448
9082
2867
9216
777
10371
11174
9269
5284
9057
7646
9504
5171
8560
9297
5225
151
3182
2300
7824
7618
9131
7802
10955
5651
1538
9371
8168
6238
10982
1937
10627
212
5849
5885
7758
186
7226
8801
10102
10088
131
1553
10980
5105
7080
3686
11192
3467
8334
10675
948
5819
5900
3132
6771
3962
748
4395
3770
3953
8556
3381
6213
7914
11996
9948
7268
4779
1968
950
11122
6904
6103
10662
9649
1547
7931
5103
6442
8117
11274
2323
10892
425
9480
8873
7051
6880
2660
6808
661
7795
11775
8844
8473
7347
6138
1706
10313
1066
7859
1020
2269
6424
7570
5221
9726
6348
5237
1753
1304
5417
61
1182
6430
1992
593
5771
7864
4413
9769
7997
9528
3896
1275
6477
8854
2856
582
11468
11404
2702
8138
11505
992
4921
8416
8073
2497
10035
9679
6447
10064
6700
7134
10010
3481
8733
11079
2664
5006
6083
1687
285
1022
8395
7613
443
11355
11653
3432
2374
10648
6710
7315
4456
2639
444
1094
1115
8310
9837
7009
11772
3040
10571
3572
1712
3225
9910
3357
8887
9202
8723
4049
521
3091
7060
9270
259
9754
11424
3744
4571
3892
9794
10896
5382
10144
5180
11970
7067
3059
7709
11416
714
3130
8904
8381
9181
3929
9573
7525
135
7297
1859
2022
11313
3152
519
6857
4876
5183
11939
8484
9351
5499
6547
1280
6826
2807
5807
11819
8543
2430
10973
4082
2954
7275
8968
8127
7170
7757
3044
8716
6645
7547
3206
7767
1818
6194
4578
7091
9814
11989
6136
9372
9877
8688
3004
4848
1675
3120
2610
10804
9252
5909
11409
5071
6438
4771
7176
3250
8638
2911
611
1121
4925
6127
5959
5581
1291
83
587
7822
10066
10341
9
211
1296
2587
4414
11977
3047
6667
5587
5516
7936
10419
8822
1893
9254
1224
6999
10311
9668
6132
5815
3146
5005
4266
7511
2694
10841
5342
7082
6747
1068
7271
7432
842
8033
4687
6862
6440
8109
4636
5728
1001
6994
5960
9762
1619
3722
10599
2173
1122
1173
9027
8781
4327
8676
4662
8928
9986
128
6268
4434
9731
5302
10708
11514
6818
3161
6038
7960
1505
1817
4539
8023
3303
11951
10929
9999
6207
366
2916
7866
4301
7466
192
6272
6665
5470
5539
1891
2537
11871
5341
2708
9926
4641
9339
11798
5274
2764
7286
6538
5565
2285
6721
5455
120
9319
6523
8914
10551
8568
6822
2064
8888
10619
3125
1854
888
5297
7823
7543
11700
1737
10844
10033
11563
9977
11978
7744
1809
8336
1249
615
4645
3014
6518
620
1594
4532
1456
9636
5368
4920
5537
1287
8685
2997
4236
11155
3562
9020
7088
4437
343
11427
8360
9658
11891
8255
7441
6457
10523
8616
7119
7531
9459
272
10815
7981
2086
6341
7759
1292
4922
9811
6223
8366
4430
4113
7309
5551
9506
11910
9626
7689
7411
6868
1055
9469
10124
2683
9747
9642
8903
6003
7515
7976
9109
5778
7887
3873
8955
7791
6302
7798
7704
25
9494
1029
11730
11955
8856
7101
6300
2881
3145
4185
7407
8775
9471
7342
10484
4618
2489
7706
2984
11582
5381
9273
3401
2212
4849
4151
9699
3053
4525
1167
6131
7146
6253
8166
4980
1685
9151
3642
3708
4909
5320
10758
6668
4918
8249
4785
3904
7469
6975
2794
8218
482
10428
1391
3786
90
7456
5923
11043
1265
6649
5614
10512
328
10349
9987
10535
3924
179
28
9052
9309
5936
562
7412
5092
10195
8575
3706
5933
433
2857
5871
7362
11052
4105
4032
10100
6369
4814
3283
11080
10966
10808
3340
5483
173
11215
10258
4963
6686
7521
2199
11400
3584
8878
3353
6355
2868
9860
2814
10422
4348
5094
8584
8233
4159
2974
1952
679
9436
8098
4710
5878
7284
9954
284
617
4885
6139
10707
10530
5478
1623
5177
1407
415
7743
2541
5067
5378
7604
5969
2932
6623
2268
9861
8008
10215
9847
3985
4280
8989
704
11943
4851
693
8102
571
294
8452
6519
10760
11023
11851
9283
1991
8231
7435
7152
5800
10218
7428
8051
8103
9834
3576
8415
8606
9976
8891
7991
11049
6129
7032
6046
6541
3869
8024
6094
4503
2466
2551
464
4983
6587
16
7181
1120
4297
5160
7979
4718
475
11440
7178
1145
4110
8456
1043
3010
9364
2623
1881
2896
5895
4863
9531
3433
109
6157
4959
6550
918
10363
5715
3981
2365
4022
8142
2641
358
339
11461
8152
5280
1954
8746
10421
3302
8254
10281
1021
6843
8629
2396
8912
6015
2661
3881
1267
3175
10092
10343
4945
3672
10030
7445
6628
2259
3937
3601
880
6022
10638
10537
4019
4901
6176
5390
4904
5797
5052
6451
426
10466
5079
8971
9186
2243
1681
1957
8698
5425
879
9535
9673
10262
4521
1194
6007
9720
5716
4429
1509
5918
11105
11127
5443
821
6434
2698
2109
1157
11419
10699
11682
3282
7069
2970
711
5467
5640
4449
11168
3593
990
7039
2972
699
4104
7923
7417
1877
8095
3825
7331
4174
7516
10086
11003
9042
460
906
2951
10256
3914
4013
1085
11320
9903
11990
5198
187
9822
5592
6599
2078
3801
541
7576
6867
2924
11904
2937
7749
11408
4886
7139
5879
8327
6185
1656
5413
6824
8149
4250
231
491
3582
3640
1770
7471
3420
8999
8346
4481
7209
2703
331
10053
6615
922
4443
1210
1743
9209
6198
2017
7454
1371
8299
718
6528
7028
11271
6736
1495
1117
633
2238
2189
9426
486
5018
5642
6332
10826
327
2488
287
3833
5133
1813
1297
7530
10121
4670
5323
5488
2560
9199
4073
5135
1481
4279
11451
4733
11457
5275
1346
8687
7862
7901
10823
7476
2669
11015
6592
3918
10420
1441
3499
9489
1567
10374
2713
9215
11965
8739
11106
512
7549
10093
6696
1089
2257
11176
10799
2681
2561
11595
4672
471
6557
7548
10613
5311
1572
884
5109
6325
736
6725
5255
3271
8178
7818
8956
3839
5316
7603
448
811
11099
8744
10860
3714
825
9774
11238
2784
2910
241
2762
136
3273
252
5892
10009
6691
3275
6941
3142
5764
73
7797
6320
7867
2071
7305
6201
7084
4478
191
1109
1415
7061
8757
4302
11343
5027
9282
4356
3058
9536
11053
3482
7714
10805
2742
6820
6425
4479
4402
5328
8930
7201
3984
5073
1064
10464
7168
5019
882
5851
5795
10674
4620
1994
712
540
10248
1930
6744
6172
9063
702
9313
11893
1701
4908
8815
8088
7110
4002
6359
9697
6656
11482
417
7989
8377
1571
11381
751
394
6436
8938
2060
9354
7325
5563
932
3673
2486
9520
10682
1045
8094
8648
10882
660
6729
4580
11988
7383
2121
11623
1002
4285
4373
2567
11263
8991
7617
10470
3876
10617
2960
6908
8492
6828
2404
9043
3711
6754
2628
9766
8189
9362
5968
4507
2695
6458
2090
10196
6674
11960
5480
11283
11737
11666
26
10237
3884
8559
376
5552
9103
7074
2400
4794
3071
7095
8365
4133
5131
6375
10811
1319
1501
4500
7485
8160
10631
11873
10647
8275
8783
10055
11580
2831
6817
865
6769
10069
11557
6902
2646
589
2914
2047
6446
3945
2054
6042
7292
2031
2035
6520
5184
3656
7581
11880
2037
200
6757
11985
9105
1363
7524
11610
664
5438
11196
4543
5218
10474
1564
9734
11820
6104
7261
4317
4665
7937
2271
7345
3100
1620
6123
10268
11932
5191
11687
7140
669
1162
1016
5985
2317
1399
94
997
3820
11016
2893
2976
7601
7913
11037
10377
405
5386
5974
4177
9854
4812
1462
5835
4410
1127
2166
626
8983
8384
2858
8405
4976
4012
7819
5340
5213
7225
10845
1076
2107
2592
645
11865
11276
8614
1153
3107
5821
1833
8467
7686
10471
11179
3853
4433
9848
3742
5853
927
2200
1713
11689
4999
3586
5104
3143
3279
8479
7358
1848
7122
11294
2329
7135
9514
3691
5230
10587
9222
9108
2836
6731
7559
2691
1894
6748
9927
5248
528
5644
222
11938
803
9703
6640
3298
1912
11090
3998
7031
10915
103
1170
6527
11285
8865
1678
11661
1018
11057
5088
10671
11111
9175
6761
863
6282
5317
6539
3850
3559
7658
861
4596
4644
10673
4506
7266
6024
6798
11660
3265
2538
11999
11216
822
6786
3455
4724
8686
1142
3188
5984
1750
10567
424
11707
1278
2967
8984
1886
5040
3251
8709
5872
4355
979
2397
2989
4077
11304
7691
3228
3536
5089
0
6535
6486
9360
4459
6692
1972
5305
3425
8778
1069
10686
2279
4588
493
8735
2758
251
8061
3110
4148
1913
5750
4042
11041
9523
11680
11831
2550
1114
9430
5881
9318
3662
1449
10939
9985
6497
2655
3409
1235
7478
4946
10999
5910
10441
6301
10323
2012
161
1834
3266
4466
2232
3857
10782
10236
7129
11995
6275
602
3390
10425
2965
6443
3935
7894
8884
4804
11113
8125
557
1659
6329
3907
5434
6269
6109
2885
2786
7398
6318
5437
561
6001
4689
7817
5212
4394
1573
1943
7634
1953
10543
5208
5699
5884
2544
3739
9920
11615
6182
3009
1185
9521
9190
4319
2696
6374
2057
7970
7185
9541
5761
257
6914
8934
908
7853
10492
9333
11658
2817
288
5518
525
5481
8809
9633
5164
6231
4592
11138
4802
10749
10983
8421
10276
7104
9296
4448
9893
9696
3204
11688
5385
11980
10380
5245
8599
2018
9330
2406
4568
1880
3803
8880
3035
6206
8003
1451
4622
6848
4977
10029
1103
9949
5240
11190
8164
497
6509
3704
4519
10566
10165
364
4003
8893
3715
2379
10118
6286
8993
3502
695
4264
11310
2388
2398
967
4994
4004
6895
5921
4074
11208
4182
6815
6256
8187
6467
10427
10667
977
2808
2067
10174
2026
2844
2408
6247
30
11054
7395
11508
3436
1384
7637
7904
563
1328
8451
3894
11096
1537
11549
10119
5454
11606
5880
93
1774
6259
6583
10916
9702
225
11575
9180
745
5127
938
3081
8797
4558
1898
515
4586
2183
3849
1253
10692
6121
4361
66
2774
3682
8196
9006
5779
3451
4376
2142
2591
8251
550
1868
10199
8030
3793
11856
1967
1507
4465
7106
10369
6911
11346
9473
5262
4380
5548
3591
1577
674
10386
5515
10182
10201
8457
2559
11345
10922
7945
8114
8581
9096
1669
2452
7473
10503
4574
4271
3947
1614
4383
5080
8940
1204
7672
2042
2920
10283
6907
9159
7969
11050
6230
1081
2033
10416
7834
4389
10252
5271
11740
6752
168
11002
9597
8620
5698
1945
2484
6089
5580
10779
6229
4888
9475
7400
10719
10862
975
2016
3893
10264
9816
5865
4157
11662
9779
8169
379
5955
7350
7079
517
3741
7848
6403
2427
878
3954
5028
10103
3417
5765
6455
1624
9742
2314
4650
9883
3889
6580
6170
7374
5022
11796
7137
5155
1131
11924
7161
2131
1708
2620
8969
6502
11443
8514
384
9465
2992
11566
11061
2616
2483
9030
10396
9615
11447
7860
11387
10180
9294
4321
8870
3773
2711
11923
9739
4557
353
2414
6147
11145
7372
11664
7605
7143
1184
1425
6514
6906
9072
9547
3046
2530
11648
1997
623
7041
7620
7941
3018
6116
4895
2454
9817
1052
8482
4810
6222
11702
5140
3992
8717
9913
9490
1494
9911
11218
5517
9189
10468
11548
9067
8049
4743
9248
9100
9274
6280
7045
5396
8257
7075
91
10424
1647
11973
4252
7348
864
3513
2025
5773
4230
9850
276
1840
2589
9224
8571
4499
11188
9452
9538
4347
2878
7858
8080
10350
9453
9397
4173
6840
7108
7457
2424
9672
4048
761
6148
2866
1111
435
3
706
9936
8894
10689
1288
8742
3315
10125
11211
2899
9639
11885
10067
652
2433
10557
10438
8706
2059
694
4197
500
3829
7373
1388
8494
9079
11782
219
8555
6379
2377
368
8826
1300
1849
11691
10923
1500
537
941
5096
10123
9064
3936
6644
4887
4021
742
10761
11364
4928
3747
3033
6985
815
8702
2318
3197
3767
6866
2783
10752
9153
11095
10703
3675
6316
282
346
2056
7144
3321
1072
3883
7897
6546
11986
1648
7702
787
3086
8245
5566
5442
5555
6954
3520
10161
3912
3977
97
10287
7403
9634
5427
8042
4010
9838
1686
9543
4034
8260
8949
6211
6405
5078
11494
4628
6932
7204
886
6795
9492
6025
8963
7982
9713
11289
7986
9161
3993
2642
5694
6296
8618
11936
8730
8558
1074
5045
5404
3959
267
3495
2331
2603
2993
6171
11701
1798
7625
7330
4585
7256
11496
4984
229
2906
5722
8063
10439
1487
11836
3964
11385
11306
8386
11604
1159
1719
6034
1283
892
5737
637
8371
324
1721
2239
5134
8597
1334
2185
412
5823
3457
7169
9361
11398
10337
10510
4764
5290
11300
2512
3644
6622
2855
7643
10669
1366
11214
5585
4040
8036
4721
7683
5837
11146
1211
11030
5618
9342
6240
6210
7386
7697
3694
1337
7770
11144
10232
2148
4421
4257
6572
4099
7254
11504
3306
667
10755
4359
11677
5141
6896
452
8153
3221
3054
11560
10075
11115
7200
6586
11987
1965
293
4017
9953
8596
9998
5658
11903
9921
8874
2186
5870
7124
11390
9410
5331
7353
8222
3808
8513
4903
1048
10941
9335
2520
316
9829
7929
11751
807
9381
3339
7339
7036
11470
5597
258
972
9113
994
4432
1375
9257
2470
1293
1958
11290
3979
4861
5612
1922
7985
5347
5024
3395
8593
3938
5576
1696
7898
7715
53
1862
9740
7387
3885
2722
10937
10282
11637
8069
4954
5591
5987
4156
6992
11748
7285
126
3832
8541
363
8507
4868
9820
11029
11888
2640
1352
9771
3437
10888
6064
8861
4487
7955
11438
1171
9828
2187
5856
8471
9730
8194
4056
10128
9934
1892
391
3554
1486
11728
10932
60
7614
5751
4767
855
246
7650
5304
11328
9812
8412
1217
1814
3002
8852
1247
4600
10489
3329
7932
8713
1139
7692
8533
11164
9788
3150
9434
2135
5901
8779
1325
1850
8945
5338
11788
1251
7751
7665
1950
9328
917
1895
4773
8703
4788
11944
468
6543
771
9142
1128
4756
1715
1714
7481
4865
3972
6112
11966
2004
2283
11165
5254
8481
11998
11259
2956
6968
10846
2929
5912
1652
1933
3891
5677
2195
400
8495
6079
1230
3498
3750
1310
11184
3284
7043
6002
8226
3196
6890
1582
9879
1869
10605
9280
6298
5375
8802
2755
933
6925
4755
8748
4129
7355
11974
4995
565
1765
3925
8437
10114
6766
9481
10251
4879
1791
11178
10556
957
2467
2215
4651
4323
5465
4694
89
8858
7666
165
3835
11339
4288
3553
7279
4518
3211
3888
2049
628
10876
826
5829
5596
4553
9997
5489
5546
9390
7233
7366
7560
461
4419
2498
2358
9037
1350
5810
4582
6558
6061
930
4354
1815
11633
816
9195
6595
6659
5883
371
5646
10020
1728
2990
5156
1626
1312
11117
1289
8796
9419
1172
1445
10200
9840
4517
6308
10214
8611
960
4142
1734
9118
4501
9413
5049
9617
7117
4158
3070
2053
3076
5241
9885
5926
10473
812
7541
8044
2172
715
8359
10515
6565
6913
1870
3281
1637
1777
6608
347
2133
11843
10721
10220
2888
11568
2409
780
5149
5285
4290
7708
2138
8432
949
3185
11492
3810
4220
2055
2751
10658
6244
10724
6452
6151
6252
7042
6753
8609
3648
9701
4531
5056
2247
6995
3115
6045
9606
872
6460
10331
467
427
1812
2533
5818
3863
1376
4329
866
8557
7274
6077
2235
8885
10694
9488
11636
9894
3890
1457
11330
630
4791
5522
6859
4190
1393
1745
2091
4178
6971
11657
3450
1585
9139
5391
5436
4949
1026
4189
3458
3900
404
730
401
3045
7264
7606
9539
9738
11896
2188
8925
10122
386
5915
