1198
1195
1190
1187
1183
1182
1179
1167
1159
1158
1157
1151
1149
1148
1141
1140
1131
1120
1119
1117
1115
1114
1110
1106
1089
1082
1078
1073
1069
1067
1065
1064
1061
1060
1051
1036
1033
1032
1030
1029
1028
1027
1019
1017
1014
1011
1007
1005
998
995
990
987
980
976
975
973
970
959
957
956
954
950
947
944
941
939
929
927
921
920
918
914
913
911
909
903
901
898
894
892
882
880
878
872
871
870
868
867
865
864
862
858
857
856
855
842
830
826
825
822
820
819
810
809
800
792
790
789
788
785
768
767
757
754
751
744
743
737
725
724
722
718
714
712
711
707
705
702
699
694
689
685
684
680
678
674
672
661
660
659
653
652
649
646
645
644
638
637
633
622
621
609
605
604
602
595
593
586
585
581
574
569
564
562
560
550
540
537
532
527
524
521
510
501
497
493
492
487
484
482
481
477
471
470
463
462
459
449
447
439
437
436
434
424
421
420
415
413
411
407
399
398
393
392
387
378
375
374
363
361
357
353
350
349
347
346
335
331
329
328
324
322
321
320
312
309
307
305
304
303
300
290
286
283
276
274
272
266
264
263
259
251
240
235
233
230
221
219
217
208
207
205
197
196
195
183
182
180
179
176
174
165
164
160
156
155
153
150
147
143
140
136
130
125
123
115
110
105
103
102
98
91
86
85
81
80
71
69
64
58
56
55
50
48
42
37
27
26
25
13
