1198
1195
1194
1192
1191
1190
1189
1188
1187
1185
1184
1183
1182
1181
1179
1178
1168
1167
1166
1164
1163
1161
1159
1158
1157
1153
1152
1151
1149
1148
1142
1141
1140
1135
1131
1128
1126
1125
1124
1120
1119
1117
1115
1114
1112
1110
1109
1107
1106
1103
1102
1100
1097
1093
1091
1089
1085
1082
1078
1075
1073
1072
1070
1069
1068
1067
1066
1065
1064
1063
1061
1060
1055
1053
1051
1050
1049
1043
1042
1037
1036
1035
1033
1032
1031
1030
1029
1028
1027
1024
1021
1020
1019
1017
1016
1014
1011
1009
1007
1005
998
997
995
994
993
992
990
987
985
984
982
980
977
976
975
973
970
969
968
966
964
963
962
961
959
957
956
954
950
947
945
944
941
939
930
929
927
924
923
922
921
920
918
916
914
913
911
909
903
901
899
898
896
894
893
892
889
887
886
882
880
879
878
875
874
872
871
870
868
867
865
864
862
860
859
858
857
856
855
852
851
848
845
844
843
842
838
836
833
832
830
826
825
822
821
820
819
813
812
811
810
809
805
803
800
792
790
789
788
785
774
772
769
768
767
766
757
754
753
751
744
743
741
740
739
737
727
725
724
723
722
720
718
715
714
712
711
708
707
705
702
700
699
694
693
692
690
689
687
685
684
683
682
681
680
679
678
677
674
673
672
671
661
660
659
653
652
650
649
647
646
645
644
638
637
635
633
632
627
626
624
623
622
621
620
617
616
612
609
605
604
602
599
598
595
594
593
589
588
587
586
585
584
581
580
579
577
576
575
574
573
569
568
566
565
564
562
560
557
553
550
549
547
546
544
540
537
536
535
532
531
528
527
524
521
519
518
517
512
510
509
508
506
504
502
501
497
493
492
487
486
484
482
481
477
471
470
469
466
464
463
462
459
457
455
453
450
449
447
445
444
441
439
438
437
436
434
433
431
430
426
424
422
421
420
417
416
415
414
413
412
411
409
407
401
399
398
397
393
392
387
386
384
383
378
376
375
374
370
363
362
361
360
357
355
353
351
350
349
347
346
345
342
338
337
335
331
330
329
328
327
326
324
322
321
320
319
317
316
313
312
309
308
307
306
305
304
303
301
300
296
295
292
290
287
286
283
280
277
276
274
272
271
269
266
264
263
261
260
259
251
250
249
240
236
235
233
230
224
222
221
220
219
217
212
208
207
205
200
198
197
196
195
194
191
189
188
187
185
184
183
182
180
179
177
176
174
166
165
164
161
160
159
156
155
153
150
149
147
146
145
144
143
142
140
137
136
135
134
131
130
126
125
123
122
121
118
116
115
114
113
112
111
110
109
107
105
104
103
102
101
98
97
94
93
91
89
87
86
85
84
82
81
80
79
78
73
71
69
68
64
58
56
55
53
52
50
49
48
46
45
44
42
41
37
36
35
33
27
26
25
22
21
20
13
9
8
7
6
2
