11999
11998
11996
11995
11994
11991
11990
11989
11988
11987
11986
11985
11982
11981
11980
11978
11977
11974
11973
11972
11971
11970
11968
11967
11966
11965
11964
11963
11962
11960
11959
11955
11952
11951
11947
11944
11943
11939
11938
11936
11935
11934
11932
11930
11926
11925
11924
11923
11920
11918
11916
11915
11910
11907
11904
11903
11902
11901
11897
11896
11895
11894
11893
11892
11891
11888
11887
11886
11885
11884
11883
11880
11879
11877
11875
11873
11871
11870
11867
11865
11864
11861
11856
11853
11852
11851
11850
11849
11847
11843
11837
11836
11834
11833
11831
11830
11829
11827
11823
11821
11820
11819
11818
11809
11808
11806
11804
11801
11799
11798
11796
11788
11784
11782
11779
11778
11775
11773
11772
11771
11769
11768
11766
11761
11759
11757
11755
11753
11751
11750
11748
11741
11740
11739
11737
11735
11734
11733
11730
11729
11728
11726
11725
11720
11719
11717
11715
11713
11711
11709
11708
11707
11704
11702
11701
11700
11698
11696
11695
11691
11689
11688
11687
11682
11681
11680
11679
11677
11674
11669
11668
11666
11664
11662
11661
11660
11659
11658
11657
11653
11650
11648
11645
11642
11640
11637
11636
11633
11628
11623
11615
11614
11610
11606
11605
11604
11600
11599
11598
11597
11595
11588
11586
11582
11581
11580
11579
11575
11573
11570
11569
11568
11567
11566
11563
11560
11558
11557
11556
11555
11553
11550
11549
11548
11547
11546
11545
11544
11533
11530
11527
11523
11520
11518
11514
11509
11508
11505
11504
11499
11498
11496
11494
11492
11491
11490
11489
11486
11485
11484
11483
11482
11477
11475
11470
11469
11468
11466
11465
11463
11462
11461
11460
11459
11457
11456
11454
11453
11452
11451
11449
11447
11445
11444
11443
11440
11438
11437
11436
11435
11428
11427
11425
11424
11422
11420
11419
11418
11416
11415
11414
11412
11411
11409
11408
11405
11404
11402
11401
11400
11398
11390
11387
11385
11381
11379
11378
11376
11371
11367
11366
11364
11362
11359
11355
11353
11352
11351
11350
11349
11348
11346
11345
11343
11341
11339
11338
11336
11335
11334
11332
11330
11328
11320
11316
11315
11314
11313
11310
11306
11304
11303
11301
11300
11298
11294
11290
11289
11288
11287
11285
11283
11281
11279
11278
11276
11274
11273
11272
11271
11267
11265
11264
11263
11261
11259
11258
11253
11250
11246
11245
11243
11242
11241
11240
11238
11237
11228
11224
11221
11220
11219
11218
11217
11216
11215
11214
11211
11208
11207
11203
11197
11196
11194
11192
11190
11189
11188
11186
11185
11184
11183
11180
11179
11178
11176
11174
11173
11172
11171
11168
11165
11164
11161
11159
11158
11157
11155
11152
11151
11147
11146
11145
11144
11138
11135
11134
11133
11132
11131
11127
11126
11125
11123
11122
11117
11116
11115
11114
11113
11112
11111
11110
11109
11106
11105
11101
11099
11097
11096
11095
11091
11090
11082
11080
11079
11076
11074
11073
11071
11070
11064
11063
11062
11061
11060
11059
11057
11056
11054
11053
11052
11050
11049
11045
11043
11041
11040
11039
11037
11034
11033
11032
11030
11029
11026
11023
11022
11020
11018
11016
11015
11014
11013
11012
11004
11003
11002
10999
10998
10997
10993
10992
10984
10983
10982
10981
10980
10979
10973
10971
10968
10967
10966
10965
10962
10960
10959
10958
10957
10955
10953
10950
10945
10944
10941
10940
10939
10938
10937
10935
10933
10932
10929
10928
10923
10922
10918
10916
10915
10913
10911
10910
10909
10908
10907
10903
10901
10900
10897
10896
10894
10893
10892
10890
10888
10885
10882
10881
10876
10875
10870
10869
10862
10861
10860
10852
10850
10848
10847
10846
10845
10844
10843
10841
10832
10826
10825
10823
10821
10819
10818
10815
10813
10812
10811
10810
10808
10806
10805
10804
10802
10801
10800
10799
10796
10795
10794
10791
10790
10787
10784
10783
10782
10780
10779
10776
10775
10774
10773
10772
10770
10769
10768
10767
10766
10765
10763
10761
10760
10758
10755
10754
10752
10749
10747
10745
10743
10742
10738
10733
10732
10729
10724
10723
10722
10721
10720
10719
10716
10714
10710
10709
10708
10707
10704
10703
10701
10700
10699
10696
10694
10693
10692
10691
10689
10686
10685
10683
10682
10681
10678
10675
10674
10673
10671
10669
10668
10667
10665
10662
10660
10659
10658
10653
10649
10648
10647
10646
10643
10641
10639
10638
10635
10634
10632
10631
10627
10625
10624
10619
10618
10617
10614
10613
10607
10605
10602
10600
10599
10597
10596
10594
10593
10592
10591
10588
10587
10585
10583
10582
10576
10574
10571
10570
10567
10566
10565
10559
10558
10557
10556
10555
10551
10545
10544
10543
10542
10541
10537
10535
10532
10530
10528
10525
10523
10522
10517
10515
10512
10510
10509
10506
10505
10503
10501
10496
10495
10493
10492
10491
10489
10487
10484
10475
10474
10473
10471
10470
10468
10466
10464
10460
10456
10455
10453
10451
10449
10448
10445
10444
10442
10441
10439
10438
10436
10434
10428
10427
10426
10425
10424
10422
10421
10420
10419
10418
10417
10416
10413
10410
10406
10400
10397
10396
10395
10393
10390
10386
10383
10381
10380
10379
10377
10376
10375
10374
10371
10369
10368
10367
10365
10363
10362
10358
10350
10349
10347
10345
10344
10343
10342
10341
10338
10337
10333
10331
10330
10329
10327
10326
10325
10323
10321
10320
10313
10311
10308
10298
10293
10291
10289
10288
10287
10286
10283
10282
10281
10279
10278
10277
10276
10275
10274
10273
10272
10271
10270
10268
10267
10266
10264
10262
10261
10258
10257
10256
10255
10253
10252
10251
10248
10247
10246
10245
10243
10242
10241
10237
10236
10232
10227
10220
10218
10217
10215
10214
10212
10209
10208
10207
10204
10201
10200
10199
10196
10195
10194
10192
10187
10186
10185
10182
10181
10180
10174
10173
10172
10171
10167
10165
10164
10163
10161
10160
10155
10154
10150
10148
10144
10138
10135
10134
10129
10128
10127
10126
10125
10124
10123
10122
10121
10119
10118
10114
10113
10109
10108
10107
10106
10103
10102
10100
10097
10096
10094
10093
10092
10089
10088
10087
10086
10082
10081
10080
10079
10077
10075
10073
10071
10069
10068
10067
10066
10065
10064
10063
10061
10056
10055
10054
10053
10052
10050
10048
10046
10044
10042
10041
10040
10035
10033
10032
10031
10030
10029
10026
10025
10022
10020
10019
10015
10011
10010
10009
10006
10004
10000
9999
9998
9997
9994
9990
9987
9986
9985
9984
9983
9980
9977
9976
9975
9966
9964
9962
9961
9960
9959
9955
9954
9953
9951
9949
9948
9945
9943
9936
9934
9933
9932
9931
9930
9929
9927
9926
9924
9922
9921
9920
9919
9918
9916
9915
9914
9913
9911
9910
9905
9903
9902
9901
9900
9899
9898
9894
9893
9892
9885
9884
9883
9879
9877
9872
9871
9870
9868
9867
9862
9861
9860
9859
9858
9855
9854
9853
9851
9850
9849
9848
9847
9845
9840
9839
9838
9837
9834
9833
9829
9828
9826
9825
9823
9822
9820
9819
9817
9816
9814
9813
9812
9811
9810
9809
9808
9807
9797
9795
9794
9790
9789
9788
9786
9782
9781
9779
9778
9774
9771
9769
9768
9766
9762
9761
9760
9759
9758
9755
9754
9750
9749
9747
9742
9740
9739
9738
9735
9734
9732
9731
9730
9728
9727
9726
9724
9722
9721
9720
9719
9717
9714
9713
9709
9705
9703
9702
9701
9699
9697
9696
9694
9690
9688
9686
9685
9681
9680
9679
9678
9677
9674
9673
9672
9670
9668
9667
9664
9661
9658
9656
9655
9650
9649
9647
9645
9644
9642
9641
9639
9636
9634
9633
9628
9627
9626
9619
9617
9616
9615
9612
9610
9606
9605
9602
9601
9600
9597
9593
9590
9589
9588
9583
9581
9579
9573
9567
9563
9560
9555
9554
9552
9549
9547
9546
9544
9543
9541
9539
9538
9536
9535
9534
9533
9531
9528
9527
9526
9523
9521
9520
9518
9514
9512
9511
9510
9506
9504
9503
9502
9500
9498
9494
9492
9490
9489
9488
9481
9480
9478
9477
9475
9473
9471
9469
9468
9467
9466
9465
9463
9462
9460
9459
9456
9453
9452
9451
9448
9441
9440
9439
9437
9436
9434
9430
9429
9426
9423
9422
9419
9417
9416
9413
9412
9411
9410
9407
9406
9403
9402
9400
9399
9397
9396
9394
9393
9390
9387
9386
9384
9383
9381
9379
9373
9372
9371
9364
9363
9362
9361
9360
9354
9352
9351
9347
9343
9342
9341
9340
9339
9338
9336
9335
9334
9333
9330
9328
9325
9323
9321
9320
9319
9318
9313
9311
9309
9307
9303
9298
9297
9296
9295
9294
9290
9287
9285
9283
9282
9280
9278
9276
9275
9274
9273
9272
9270
9269
9263
9260
9258
9257
9256
9254
9252
9251
9249
9248
9247
9245
9244
9242
9236
9232
9230
9224
9222
9221
9217
9216
9215
9210
9209
9204
9203
9202
9201
9199
9198
9195
9194
9193
9190
9189
9186
9183
9181
9180
9175
9173
9166
9163
9162
9161
9160
9159
9156
9154
9153
9152
9151
9150
9145
9142
9139
9138
9137
9136
9131
9129
9128
9127
9125
9124
9123
9121
9118
9117
9115
9113
9111
9109
9108
9106
9105
9104
9103
9102
9101
9100
9098
9096
9095
9093
9092
9091
9086
9085
9084
9082
9081
9079
9078
9076
9075
9073
9072
9071
9068
9067
9064
9063
9062
9061
9057
9056
9055
9052
9049
9043
9042
9041
9040
9039
9037
9030
9027
9024
9023
9020
9018
9016
9014
9013
9009
9006
9003
9000
8999
8998
8996
8993
8991
8990
8989
8987
8984
8983
8980
8976
8974
8971
8969
8968
8964
8963
8960
8959
8957
8956
8955
8954
8949
8945
8942
8940
8938
8935
8934
8930
8929
8928
8925
8923
8921
8918
8917
8916
8914
8913
8912
8906
8904
8903
8902
8899
8896
8894
8893
8892
8891
8890
8888
8887
8885
8884
8882
8880
8879
8878
8877
8874
8873
8872
8871
8870
8869
8868
8867
8865
8864
8863
8861
8860
8858
8856
8854
8852
8846
8844
8843
8841
8837
8833
8829
8826
8822
8820
8818
8815
8812
8810
8809
8806
8803
8802
8801
8798
8797
8796
8790
8787
8785
8783
8782
8781
8779
8778
8777
8776
8775
8774
8772
8771
8770
8768
8764
8763
8761
8759
8757
8756
8755
8754
8753
8750
8748
8746
8744
8743
8742
8741
8739
8738
8736
8735
8733
8730
8728
8725
8724
8723
8717
8716
8715
8714
8713
8709
8706
8705
8703
8702
8700
8699
8698
8695
8692
8689
8688
8687
8686
8685
8683
8680
8679
8678
8676
8673
8672
8671
8669
8668
8666
8665
8661
8660
8659
8658
8655
8652
8648
8647
8644
8643
8640
8638
8635
8634
8633
8631
8629
8626
8623
8620
8618
8616
8615
8614
8613
8611
8610
8609
8608
8606
8605
8601
8600
8599
8597
8596
8593
8589
8588
8584
8583
8582
8581
8575
8574
8571
8570
8569
8568
8566
8563
8560
8559
8558
8557
8556
8555
8553
8552
8550
8543
8541
8540
8533
8531
8530
8528
8525
8516
8514
8513
8512
8507
8504
8503
8502
8501
8500
8497
8495
8494
8492
8490
8484
8483
8482
8481
8479
8478
8474
8473
8471
8469
8467
8465
8463
8459
8457
8456
8455
8453
8452
8451
8447
8443
8439
8437
8432
8431
8430
8423
8421
8420
8417
8416
8415
8413
8412
8410
8408
8407
8406
8405
8402
8400
8395
8394
8393
8392
8391
8388
8386
8384
8383
8381
8378
8377
8375
8371
8370
8368
8366
8365
8364
8363
8360
8359
8356
8355
8353
8348
8347
8346
8336
8334
8331
8328
8327
8325
8320
8319
8318
8317
8316
8315
8314
8312
8310
8309
8308
8307
8305
8304
8300
8299
8298
8296
8295
8294
8292
8289
8286
8282
8275
8273
8272
8269
8268
8266
8265
8262
8260
8257
8256
8255
8254
8252
8251
8249
8245
8242
8241
8233
8231
8226
8222
8220
8218
8211
8208
8206
8205
8204
8203
8198
8196
8194
8189
8187
8186
8184
8178
8177
8175
8174
8169
8168
8166
8165
8164
8162
8160
8159
8158
8156
8155
8154
8153
8152
8150
8149
8147
8143
8142
8140
8139
8138
8127
8125
8122
8121
8119
8117
8114
8112
8111
8109
8103
8102
8100
8099
8098
8097
8095
8094
8092
8091
8088
8087
8085
8083
8080
8077
8076
8073
8069
8067
8065
8063
8061
8060
8054
8053
8052
8051
8050
8049
8046
8044
8043
8042
8041
8040
8036
8033
8030
8029
8025
8024
8023
8019
8018
8017
8014
8010
8008
8003
8001
7997
7996
7995
7991
7989
7986
7985
7982
7981
7979
7976
7972
7970
7969
7968
7965
7964
7960
7959
7956
7955
7954
7945
7941
7937
7936
7935
7932
7931
7929
7927
7926
7924
7923
7922
7921
7916
7914
7913
7909
7907
7904
7903
7901
7900
7898
7897
7894
7893
7892
7890
7887
7886
7883
7882
7879
7877
7875
7867
7866
7865
7864
7863
7862
7860
7859
7858
7855
7853
7851
7850
7848
7844
7843
7835
7834
7832
7831
7826
7825
7824
7823
7822
7821
7820
7819
7818
7817
7815
7814
7812
7811
7810
7809
7806
7804
7802
7800
7799
7798
7797
7795
7791
7788
7787
7786
7782
7780
7778
7777
7773
7771
7770
7768
7767
7765
7763
7759
7758
7757
7753
7752
7751
7749
7748
7747
7745
7744
7743
7742
7740
7736
7734
7733
7726
7724
7720
7718
7717
7716
7715
7714
7713
7709
7708
7707
7706
7704
7703
7702
7699
7697
7695
7692
7691
7689
7687
7686
7684
7683
7676
7675
7674
7672
7669
7668
7667
7666
7665
7663
7659
7658
7657
7655
7650
7648
7646
7644
7643
7640
7638
7637
7636
7635
7634
7633
7632
7630
7629
7628
7627
7626
7625
7623
7622
7620
7618
7617
7615
7614
7613
7611
7609
7608
7607
7606
7605
7604
7603
7602
7601
7594
7593
7591
7590
7587
7586
7585
7582
7581
7579
7576
7575
7572
7570
7566
7565
7564
7562
7560
7559
7557
7555
7554
7553
7549
7548
7547
7544
7543
7542
7541
7538
7537
7533
7531
7530
7527
7525
7524
7523
7521
7518
7517
7516
7515
7513
7511
7508
7507
7505
7502
7500
7498
7495
7494
7493
7492
7490
7489
7485
7482
7481
7480
7478
7476
7474
7473
7471
7470
7469
7468
7466
7465
7457
7456
7454
7453
7452
7450
7448
7447
7445
7444
7443
7441
7439
7435
7432
7430
7428
7427
7425
7421
7419
7417
7416
7413
7412
7411
7408
7407
7406
7405
7403
7400
7398
7396
7395
7392
7389
7388
7387
7386
7385
7384
7383
7380
7377
7375
7374
7373
7372
7366
7363
7362
7360
7358
7357
7356
7355
7353
7350
7348
7347
7345
7342
7339
7334
7332
7331
7330
7328
7327
7325
7324
7322
7321
7319
7318
7317
7316
7315
7313
7312
7309
7305
7302
7297
7292
7291
7286
7285
7284
7283
7282
7279
7276
7275
7274
7271
7268
7267
7266
7264
7261
7260
7259
7258
7257
7256
7254
7253
7250
7248
7246
7245
7244
7243
7240
7239
7237
7234
7233
7231
7230
7228
7226
7225
7223
7221
7220
7215
7209
7206
7204
7203
7202
7201
7200
7198
7196
7193
7187
7185
7183
7181
7178
7176
7175
7174
7172
7170
7169
7168
7161
7155
7152
7151
7147
7146
7144
7143
7140
7139
7138
7137
7135
7134
7130
7129
7126
7125
7124
7123
7122
7121
7120
7119
7118
7117
7112
7111
7110
7108
7106
7104
7103
7101
7096
7095
7093
7091
7088
7085
7084
7082
7080
7079
7075
7074
7072
7069
7068
7067
7063
7061
7060
7058
7053
7051
7049
7045
7044
7043
7042
7041
7039
7038
7037
7036
7034
7032
7031
7028
7026
7025
7021
7019
7009
7008
7006
7002
7001
7000
6999
6998
6997
6995
6994
6992
6991
6985
6981
6978
6977
6976
6975
6974
6972
6971
6968
6967
6966
6962
6959
6958
6957
6956
6954
6945
6944
6943
6941
6939
6938
6936
6934
6932
6930
6929
6928
6925
6923
6920
6914
6913
6912
6911
6909
6908
6907
6906
6904
6902
6900
6897
6896
6895
6894
6893
6892
6890
6889
6888
6886
6885
6880
6879
6878
6877
6874
6873
6872
6870
6869
6868
6867
6866
6863
6862
6859
6857
6855
6853
6849
6848
6847
6845
6843
6840
6836
6830
6828
6826
6824
6823
6822
6821
6820
6818
6817
6815
6813
6812
6811
6808
6804
6803
6802
6801
6798
6795
6794
6790
6789
6786
6784
6782
6780
6771
6769
6768
6766
6765
6761
6758
6757
6756
6754
6753
6752
6750
6748
6747
6745
6744
6741
6737
6736
6735
6734
6731
6729
6725
6721
6717
6715
6714
6713
6712
6711
6710
6706
6705
6704
6703
6700
6699
6697
6696
6695
6692
6691
6689
6686
6682
6681
6679
6678
6674
6673
6668
6667
6666
6665
6663
6662
6659
6658
6656
6651
6650
6649
6645
6644
6642
6640
6638
6636
6633
6632
6631
6628
6627
6626
6623
6622
6620
6619
6617
6615
6613
6611
6609
6608
6606
6603
6599
6595
6594
6593
6592
6590
6587
6586
6583
6582
6580
6579
6575
6574
6573
6572
6566
6565
6562
6558
6557
6554
6553
6551
6550
6547
6546
6543
6541
6540
6539
6538
6537
6535
6528
6527
6523
6520
6519
6518
6514
6509
6508
6505
6504
6502
6500
6498
6497
6494
6492
6486
6482
6481
6480
6478
6477
6474
6472
6471
6468
6467
6466
6461
6460
6458
6457
6455
6453
6452
6451
6449
6447
6446
6445
6444
6443
6442
6441
6440
6438
6436
6434
6430
6428
6427
6426
6425
6424
6418
6415
6412
6409
6406
6405
6403
6402
6399
6398
6397
6388
6386
6384
6379
6377
6376
6375
6374
6369
6368
6367
6363
6360
6359
6358
6355
6354
6353
6348
6346
6343
6341
6337
6336
6333
6332
6331
6329
6327
6326
6325
6324
6322
6321
6320
6318
6317
6316
6314
6309
6308
6304
6302
6301
6300
6298
6296
6293
6286
6283
6282
6280
6277
6275
6272
6269
6268
6266
6263
6260
6259
6258
6256
6255
6253
6252
6250
6248
6247
6244
6243
6242
6241
6240
6238
6237
6236
6235
6231
6230
6229
6227
6223
6222
6221
6219
6218
6214
6213
6211
6210
6209
6207
6206
6205
6201
6199
6198
6194
6192
6190
6187
6185
6184
6182
6181
6180
6178
6176
6175
6174
6172
6171
6170
6169
6168
6167
6166
6162
6161
6157
6156
6151
6150
6148
6147
6146
6145
6144
6141
6139
6138
6136
6132
6131
6130
6129
6127
6126
6123
6121
6120
6116
6115
6112
6110
6109
6105
6104
6103
6100
6099
6096
6094
6093
6089
6085
6083
6082
6079
6077
6073
6069
6066
6064
6061
6060
6059
6058
6057
6055
6054
6046
6045
6042
6040
6039
6038
6034
6033
6031
6030
6027
6025
6024
6022
6021
6015
6008
6007
6006
6003
6002
6001
6000
5999
5991
5987
5986
5985
5984
5979
5978
5977
5976
5975
5974
5972
5969
5968
5967
5965
5962
5961
5960
5959
5955
5953
5948
5947
5943
5942
5940
5936
5935
5933
5929
5926
5925
5923
5921
5920
5918
5917
5915
5912
5910
5909
5901
5900
5897
5895
5893
5892
5888
5885
5884
5883
5881
5880
5879
5878
5876
5875
5874
5872
5871
5870
5869
5868
5865
5862
5861
5860
5858
5857
5856
5853
5851
5849
5848
5846
5845
5844
5842
5837
5835
5834
5832
5831
5830
5829
5827
5824
5823
5821
5819
5818
5817
5815
5810
5807
5806
5805
5803
5800
5799
5798
5797
5795
5791
5787
5784
5783
5779
5778
5777
5775
5774
5773
5771
5769
5768
5767
5766
5765
5764
5763
5761
5759
5756
5752
5751
5750
5747
5743
5741
5737
5731
5728
5727
5723
5722
5720
5719
5718
5717
5716
5715
5714
5704
5701
5699
5698
5696
5694
5689
5688
5683
5678
5677
5675
5673
5672
5670
5663
5661
5658
5656
5654
5651
5650
5649
5647
5646
5644
5643
5642
5641
5640
5634
5628
5627
5619
5618
5617
5614
5613
5612
5608
5605
5604
5603
5598
5597
5596
5592
5591
5590
5587
5585
5581
5580
5578
5576
5575
5574
5566
5565
5564
5563
5561
5560
5559
5555
5552
5551
5549
5548
5546
5544
5543
5541
5539
5538
5537
5535
5533
5529
5528
5526
5524
5523
5522
5520
5518
5517
5516
5515
5512
5510
5508
5504
5503
5501
5500
5499
5498
5497
5489
5488
5487
5486
5483
5481
5480
5479
5478
5476
5471
5470
5469
5468
5467
5465
5464
5462
5460
5457
5456
5455
5454
5451
5448
5447
5446
5444
5443
5442
5438
5437
5436
5434
5432
5430
5427
5425
5422
5420
5417
5413
5404
5398
5396
5392
5391
5390
5386
5385
5382
5381
5379
5378
5376
5375
5371
5370
5368
5367
5364
5359
5356
5355
5354
5353
5352
5350
5348
5347
5346
5345
5342
5341
5340
5339
5338
5336
5333
5331
5328
5323
5320
5317
5316
5315
5314
5312
5311
5310
5306
5305
5304
5302
5300
5297
5296
5291
5290
5287
5285
5284
5282
5281
5280
5278
5276
5275
5274
5271
5266
5264
5263
5262
5260
5257
5255
5254
5251
5250
5249
5248
5247
5246
5245
5242
5241
5240
5237
5235
5230
5228
5225
5221
5220
5218
5215
5214
5213
5212
5211
5208
5207
5206
5204
5202
5199
5198
5193
5192
5191
5188
5187
5184
5183
5180
5177
5173
5172
5171
5168
5167
5164
5161
5160
5159
5158
5157
5156
5155
5154
5149
5144
5142
5141
5140
5139
5138
5135
5134
5133
5131
5129
5127
5125
5120
5117
5115
5112
5111
5109
5106
5105
5104
5103
5102
5098
5096
5095
5094
5092
5091
5089
5088
5083
5080
5079
5078
5076
5073
5072
5071
5070
5068
5067
5065
5064
5058
5057
5056
5055
5053
5052
5051
5049
5048
5046
5045
5040
5038
5036
5032
5030
5028
5027
5024
5022
5021
5020
5019
5018
5017
5015
5009
5008
5006
5005
5003
5002
4999
4997
4996
4995
4994
4991
4989
4986
4985
4984
4983
4980
4977
4976
4975
4972
4971
4969
4967
4966
4963
4962
4961
4959
4958
4954
4952
4950
4949
4946
4945
4944
4939
4936
4935
4930
4928
4926
4925
4922
4921
4920
4919
4918
4917
4916
4910
4909
4908
4906
4904
4903
4902
4901
4900
4895
4894
4892
4889
4888
4887
4886
4885
4879
4876
4875
4874
4873
4872
4871
4870
4868
4867
4865
4863
4862
4861
4860
4859
4856
4854
4853
4851
4849
4848
4846
4844
4835
4832
4829
4824
4821
4815
4814
4812
4811
4810
4806
4804
4802
4800
4799
4795
4794
4791
4790
4789
4788
4785
4782
4781
4780
4779
4778
4777
4773
4772
4771
4769
4768
4767
4766
4764
4758
4756
4755
4753
4752
4750
4748
4745
4743
4737
4735
4734
4733
4732
4728
4726
4724
4722
4721
4720
4718
4717
4714
4712
4710
4708
4706
4703
4702
4700
4699
4697
4694
4689
4687
4674
4672
4671
4670
4669
4665
4663
4662
4657
4655
4653
4651
4650
4649
4646
4645
4644
4643
4642
4641
4636
4634
4629
4628
4627
4626
4625
4624
4622
4621
4620
4618
4615
4612
4609
4602
4600
4597
4596
4592
4591
4590
4588
4586
4585
4583
4582
4580
4578
4577
4576
4574
4572
4571
4570
4568
4564
4562
4558
4557
4555
4553
4548
4547
4545
4543
4540
4539
4537
4536
4532
4531
4528
4525
4524
4523
4522
4521
4519
4518
4517
4516
4514
4511
4510
4507
4506
4503
4501
4500
4499
4498
4493
4491
4487
4484
4481
4479
4478
4477
4476
4474
4473
4472
4467
4466
4465
4459
4458
4457
4456
4451
4450
4449
4448
4443
4442
4441
4440
4438
4437
4434
4433
4432
4430
4429
4427
4426
4423
4421
4420
4419
4418
4417
4414
4413
4410
4407
4402
4400
4398
4397
4395
4394
4391
4390
4389
4387
4384
4383
4380
4378
4377
4376
4375
4374
4373
4371
4370
4364
4362
4361
4359
4357
4356
4355
4354
4352
4348
4347
4346
4345
4336
4335
4329
4327
4326
4324
4323
4321
4319
4317
4316
4314
4313
4309
4307
4304
4303
4302
4301
4297
4290
4288
4286
4285
4284
4283
4280
4279
4278
4275
4274
4273
4272
4271
4270
4269
4268
4266
4265
4264
4263
4262
4260
4258
4257
4254
4252
4251
4250
4248
4247
4242
4241
4239
4236
4230
4227
4225
4222
4220
4218
4216
4215
4214
4213
4212
4209
4204
4198
4197
4194
4192
4190
4189
4186
4185
4183
4182
4178
4177
4176
4175
4174
4173
4169
4166
4163
4162
4159
4158
4157
4156
4155
4153
4152
4151
4149
4148
4145
4142
4136
4134
4133
4130
4129
4127
4125
4124
4119
4116
4115
4114
4113
4112
4110
4105
4104
4103
4102
4100
4099
4098
4095
4092
4088
4082
4079
4077
4076
4075
4074
4073
4072
4071
4064
4063
4061
4056
4055
4052
4051
4049
4048
4045
4044
4043
4042
4040
4039
4034
4032
4026
4024
4022
4021
4019
4017
4013
4012
4010
4009
4006
4004
4003
4002
3998
3995
3993
3992
3988
3987
3985
3984
3981
3979
3977
3972
3967
3964
3962
3960
3959
3958
3955
3954
3953
3951
3948
3947
3945
3944
3942
3938
3937
3936
3935
3934
3933
3929
3925
3924
3923
3922
3920
3918
3916
3914
3912
3911
3908
3907
3904
3901
3900
3899
3896
3895
3894
3893
3892
3891
3890
3889
3888
3885
3884
3883
3882
3881
3879
3876
3873
3872
3869
3866
3863
3860
3858
3857
3856
3853
3850
3849
3845
3843
3839
3836
3835
3833
3832
3829
3825
3820
3818
3817
3816
3815
3810
3808
3803
3801
3797
3794
3793
3791
3786
3774
3773
3770
3767
3766
3762
3760
3759
3758
3757
3753
3752
3751
3750
3747
3746
3745
3744
3742
3741
3739
3738
3736
3735
3733
3732
3730
3726
3723
3722
3721
3716
3715
3714
3711
3708
3706
3705
3704
3702
3700
3698
3696
3694
3693
3691
3689
3688
3687
3686
3684
3683
3682
3679
3678
3675
3673
3672
3670
3668
3667
3663
3662
3661
3658
3656
3655
3649
3648
3647
3646
3644
3643
3642
3640
3635
3633
3632
3631
3630
3628
3621
3620
3615
3610
3608
3607
3603
3601
3597
3596
3595
3594
3593
3591
3588
3586
3584
3582
3581
3579
3576
3574
3573
3572
3571
3570
3569
3567
3563
3562
3561
3559
3558
3557
3554
3553
3547
3546
3545
3541
3539
3537
3536
3535
3532
3528
3520
3514
3513
3511
3510
3508
3505
3504
3502
3499
3498
3497
3495
3490
3488
3487
3482
3481
3480
3478
3475
3474
3470
3468
3467
3464
3463
3458
3457
3455
3454
3453
3451
3450
3449
3448
3447
3438
3437
3436
3433
3432
3430
3425
3424
3421
3420
3419
3418
3417
3416
3415
3413
3409
3407
3405
3401
3399
3396
3395
3393
3391
3390
3389
3388
3387
3381
3379
3378
3377
3370
3366
3362
3360
3358
3357
3356
3353
3352
3350
3349
3348
3343
3342
3341
3340
3339
3338
3335
3333
3329
3326
3323
3321
3320
3319
3318
3315
3314
3307
3306
3303
3302
3299
3298
3295
3294
3292
3290
3289
3288
3286
3285
3284
3283
3282
3281
3279
3278
3275
3273
3272
3271
3269
3268
3267
3266
3265
3255
3251
3250
3249
3248
3244
3242
3239
3236
3234
3233
3231
3230
3229
3228
3225
3223
3222
3221
3220
3215
3211
3209
3206
3205
3204
3203
3202
3201
3197
3196
3193
3192
3188
3185
3183
3182
3180
3179
3176
3175
3172
3168
3166
3165
3162
3161
3158
3155
3154
3153
3152
3151
3150
3148
3146
3145
3144
3143
3142
3141
3139
3136
3135
3133
3132
3130
3125
3120
3119
3117
3115
3114
3113
3111
3110
3109
3107
3105
3102
3100
3097
3096
3092
3091
3090
3089
3088
3087
3086
3083
3081
3080
3079
3077
3076
3075
3072
3071
3070
3069
3068
3065
3060
3059
3058
3054
3053
3052
3048
3047
3046
3045
3044
3042
3041
3040
3035
3034
3033
3022
3018
3015
3014
3010
3009
3008
3007
3006
3004
3002
3001
2999
2998
2997
2996
2993
2992
2991
2990
2989
2986
2984
2979
2976
2974
2972
2970
2969
2967
2966
2965
2963
2962
2961
2960
2958
2956
2954
2951
2948
2947
2942
2937
2935
2933
2932
2930
2929
2928
2924
2922
2920
2917
2916
2915
2914
2912
2911
2910
2908
2906
2905
2900
2899
2898
2896
2893
2891
2888
2885
2882
2881
2878
2876
2875
2870
2868
2867
2866
2864
2862
2860
2859
2858
2857
2856
2855
2853
2849
2848
2846
2844
2839
2838
2836
2833
2831
2828
2826
2823
2820
2819
2817
2816
2814
2813
2811
2810
2808
2807
2805
2804
2800
2799
2798
2797
2794
2793
2786
2784
2783
2781
2779
2775
2774
2773
2772
2765
2764
2762
2761
2758
2755
2751
2749
2742
2740
2738
2735
2729
2723
2722
2720
2717
2716
2715
2714
2713
2712
2711
2710
2708
2707
2706
2703
2702
2700
2698
2696
2695
2694
2693
2691
2690
2689
2686
2685
2683
2681
2678
2676
2669
2668
2666
2665
2664
2662
2661
2660
2659
2657
2656
2655
2651
2649
2646
2645
2644
2642
2641
2640
2639
2637
2636
2634
2633
2628
2626
2623
2620
2618
2616
2613
2610
2609
2606
2603
2602
2596
2595
2594
2592
2591
2589
2588
2587
2583
2576
2574
2569
2567
2566
2565
2561
2560
2559
2557
2554
2551
2550
2547
2546
2545
2544
2541
2539
2538
2537
2533
2532
2530
2527
2526
2523
2522
2520
2519
2516
2512
2510
2509
2507
2506
2505
2502
2498
2497
2491
2490
2489
2488
2486
2484
2483
2482
2476
2471
2470
2467
2466
2459
2454
2452
2448
2447
2446
2442
2441
2440
2439
2438
2437
2433
2432
2430
2429
2427
2425
2424
2422
2418
2414
2413
2412
2411
2409
2408
2406
2405
2404
2400
2398
2397
2396
2390
2388
2385
2380
2379
2378
2377
2376
2374
2373
2368
2366
2365
2360
2358
2356
2354
2353
2352
2351
2349
2343
2341
2339
2336
2335
2333
2332
2331
2330
2329
2328
2325
2323
2322
2318
2317
2314
2309
2303
2302
2300
2298
2295
2294
2290
2289
2285
2283
2282
2281
2280
2279
2276
2271
2269
2268
2267
2264
2263
2260
2259
2257
2253
2248
2247
2244
2243
2242
2239
2238
2236
2235
2233
2232
2228
2227
2226
2225
2223
2221
2220
2215
2212
2209
2208
2207
2206
2205
2203
2201
2200
2199
2197
2195
2194
2189
2188
2187
2186
2185
2184
2183
2182
2173
2172
2170
2168
2166
2164
2159
2152
2151
2148
2147
2142
2139
2138
2137
2135
2133
2131
2129
2128
2127
2126
2124
2122
2121
2120
2116
2115
2111
2110
2109
2108
2107
2106
2105
2104
2103
2097
2096
2094
2092
2091
2090
2087
2086
2085
2082
2080
2078
2072
2071
2070
2067
2065
2064
2063
2062
2060
2059
2058
2057
2056
2055
2054
2053
2052
2051
2049
2048
2047
2042
2041
2037
2035
2034
2033
2031
2029
2026
2025
2024
2022
2019
2018
2017
2016
2014
2012
2010
2006
2004
2002
2000
1999
1997
1996
1994
1993
1992
1991
1986
1984
1983
1981
1980
1977
1975
1973
1972
1970
1968
1967
1966
1965
1964
1963
1958
1957
1956
1954
1953
1952
1951
1950
1949
1948
1945
1943
1941
1940
1937
1936
1934
1933
1932
1930
1929
1928
1922
1921
1919
1913
1912
1911
1908
1906
1905
1901
1900
1898
1895
1894
1893
1892
1891
1886
1885
1884
1882
1881
1880
1878
1877
1874
1871
1870
1869
1868
1867
1866
1862
1859
1857
1856
1855
1854
1853
1852
1850
1849
1848
1847
1844
1843
1840
1838
1835
1834
1833
1831
1830
1829
1827
1822
1820
1818
1817
1815
1814
1813
1812
1811
1809
1807
1799
1798
1797
1796
1793
1791
1787
1782
1781
1780
1778
1777
1776
1774
1772
1771
1770
1769
1768
1767
1765
1764
1763
1758
1756
1753
1750
1749
1747
1745
1743
1742
1740
1739
1737
1734
1732
1731
1730
1729
1728
1722
1721
1719
1717
1715
1714
1713
1712
1708
1706
1702
1701
1698
1697
1696
1695
1687
1686
1685
1683
1681
1678
1677
1676
1675
1674
1669
1666
1664
1663
1662
1659
1658
1656
1655
1654
1652
1651
1649
1648
1647
1646
1643
1640
1637
1631
1626
1625
1624
1623
1620
1619
1618
1615
1614
1612
1611
1610
1608
1606
1602
1599
1597
1596
1595
1594
1591
1585
1584
1582
1578
1577
1574
1573
1572
1571
1570
1567
1566
1565
1564
1560
1554
1553
1552
1550
1547
1546
1542
1541
1538
1537
1536
1533
1532
1531
1529
1527
1524
1517
1512
1511
1509
1508
1507
1506
1505
1501
1500
1496
1495
1494
1493
1490
1489
1488
1487
1486
1483
1482
1481
1479
1469
1462
1461
1457
1456
1455
1454
1453
1451
1449
1447
1446
1445
1442
1441
1439
1433
1431
1429
1428
1426
1425
1420
1418
1415
1412
1407
1402
1401
1400
1399
1398
1396
1395
1393
1391
1388
1384
1383
1376
1375
1374
1371
1366
1363
1362
1358
1357
1356
1355
1352
1350
1346
1345
1344
1343
1341
1337
1334
1332
1328
1327
1326
1325
1323
1320
1319
1316
1313
1312
1310
1307
1304
1301
1300
1299
1297
1296
1295
1294
1293
1292
1291
1290
1289
1288
1287
1286
1284
1283
1281
1280
1278
1276
1275
1274
1270
1267
1265
1262
1261
1257
1256
1253
1251
1249
1247
1246
1244
1243
1240
1235
1233
1230
1224
1223
1222
1219
1218
1217
1216
1213
1212
1211
1210
1208
1207
1206
1204
1202
1198
1197
1196
1194
1192
1191
1189
1188
1186
1185
1184
1182
1181
1180
1177
1175
1174
1173
1172
1171
1170
1169
1167
1166
1164
1163
1162
1159
1157
1156
1154
1153
1150
1148
1145
1143
1142
1140
1139
1138
1137
1131
1128
1127
1126
1125
1124
1122
1121
1120
1119
1117
1115
1114
1111
1110
1109
1108
1105
1103
1098
1097
1095
1094
1091
1089
1086
1085
1084
1083
1081
1077
1076
1075
1074
1072
1069
1068
1066
1064
1063
1061
1059
1055
1052
1050
1048
1045
1043
1039
1038
1037
1036
1035
1034
1033
1029
1028
1027
1026
1024
1022
1021
1020
1018
1017
1016
1014
1013
1012
1011
1010
1008
1007
1006
1002
1001
1000
998
997
996
994
992
990
986
981
979
977
975
973
972
971
967
966
963
960
957
956
952
950
949
948
947
946
944
941
938
937
935
933
932
931
930
929
928
927
925
922
921
920
919
918
917
915
911
908
906
905
904
899
896
894
892
888
887
886
884
882
880
879
878
877
872
871
869
866
865
864
863
862
861
856
855
854
850
847
842
839
836
835
833
832
830
826
825
824
822
821
816
815
814
813
812
811
810
809
808
807
806
805
804
803
801
800
796
794
791
787
786
783
782
781
780
779
778
777
771
770
766
764
763
761
760
758
755
751
750
749
748
747
745
744
742
741
736
734
730
729
725
723
722
720
718
716
715
714
712
711
708
706
704
703
702
701
700
699
698
697
695
694
693
691
690
689
688
685
684
683
679
674
669
667
664
663
662
661
660
657
654
653
652
650
649
648
646
645
643
639
637
635
633
631
630
628
626
623
620
618
617
615
612
611
609
606
602
599
598
597
593
591
590
589
588
587
586
584
582
580
578
577
572
571
565
563
562
561
557
551
550
546
544
541
540
539
537
535
531
530
529
528
526
525
523
522
521
519
518
517
515
513
512
511
507
505
504
503
500
499
498
497
496
495
493
492
491
490
489
488
486
482
481
477
475
471
468
467
465
464
461
460
458
457
455
452
448
446
445
444
443
440
435
434
433
427
426
425
424
421
420
419
417
415
414
413
412
411
408
406
405
404
403
401
400
396
395
394
392
391
390
388
386
384
383
381
379
377
376
375
371
369
368
367
366
365
364
363
359
358
353
352
350
349
347
346
343
340
339
331
329
328
327
324
319
318
316
315
313
311
309
300
298
295
294
293
290
289
288
287
285
284
283
282
281
278
276
273
272
269
267
266
264
261
260
259
258
257
256
253
252
251
249
248
247
246
244
241
235
231
229
228
227
225
222
219
214
212
211
210
209
205
201
200
196
193
192
191
190
189
187
186
184
183
182
181
179
173
171
168
167
165
161
156
153
151
150
146
144
143
142
141
136
135
132
131
130
129
128
126
121
120
119
115
114
111
109
106
105
104
103
101
98
97
96
95
94
93
91
90
89
88
87
83
82
81
80
75
73
72
71
70
69
67
66
64
61
60
59
56
53
52
49
48
44
43
42
41
40
38
36
33
30
28
26
25
23
22
20
19
18
17
16
14
10
9
8
3
2
0
