856
122
374
44
682
426
903
620
149
445
346
864
1195
973
621
766
349
708
469
327
266
1194
976
102
296
929
236
609
91
821
987
939
320
351
134
271
147
107
71
1031
832
155
398
146
573
453
2
482
788
810
50
1019
1151
330
86
581
1109
679
510
97
604
1068
130
224
81
292
672
492
493
868
93
997
1028
55
439
566
509
1075
1011
954
269
1148
737
1017
136
844
49
874
375
116
455
78
9
860
859
681
579
353
898
317
1051
1032
838
46
627
692
767
1091
557
386
290
1110
637
161
1014
176
362
842
484
751
950
89
1117
985
867
589
397
345
115
463
768
1190
464
260
185
477
301
1153
430
94
994
1020
1042
58
319
927
519
711
45
84
21
180
785
1049
723
982
1067
221
1112
896
80
894
1036
326
678
145
586
376
892
1166
602
855
125
457
968
1016
166
322
222
612
114
466
811
1115
250
722
535
331
143
399
598
739
683
424
1082
272
577
73
909
1131
350
240
111
277
304
27
274
357
313
962
694
521
587
347
196
617
916
286
624
626
411
980
872
1187
449
338
307
560
857
956
562
497
693
1168
212
720
1053
524
370
481
684
845
156
992
104
653
879
743
830
1158
135
774
970
1009
1072
649
207
1119
595
800
995
109
580
1102
1066
98
977
646
113
22
725
383
205
553
487
674
744
707
754
217
101
324
599
1191
1183
1161
183
189
421
1069
865
306
1043
1141
1024
308
920
518
809
1050
8
1073
329
870
622
42
506
126
565
848
969
1035
26
680
963
194
191
901
836
276
110
887
137
944
303
160
574
699
547
961
300
409
882
103
843
546
413
712
142
309
459
528
753
677
959
233
661
13
616
287
53
1192
644
536
792
1163
862
131
645
544
1078
671
871
690
123
1106
112
1030
197
1124
512
564
264
79
502
184
36
407
384
633
328
584
441
486
852
652
174
87
1157
550
433
69
715
924
966
1089
25
1198
188
401
549
179
1060
48
1097
436
517
947
1114
826
702
1128
249
41
444
164
321
378
812
393
261
121
724
118
998
1061
150
984
35
335
504
819
305
1152
447
1063
833
568
263
957
140
1142
1005
165
718
434
198
1149
360
921
68
283
431
875
993
635
918
220
531
82
899
235
923
585
414
392
471
182
593
820
1164
689
893
1135
537
6
1029
85
1185
7
177
1070
1055
769
361
813
1033
1103
741
1037
1159
527
1182
660
251
757
144
1179
195
219
822
1189
911
687
105
1120
889
312
33
200
576
914
337
259
37
632
1126
417
420
789
355
64
880
588
650
437
1184
230
508
790
415
913
1100
316
363
1065
1093
605
772
153
412
450
187
540
851
945
685
575
52
805
387
569
1021
673
295
1181
964
878
208
803
638
705
532
858
1064
623
886
922
280
1178
1140
594
930
1085
1188
990
1027
1125
714
462
975
501
647
416
825
700
740
438
1107
659
342
422
159
727
20
1167
56
470
941
1007
