9151
7275
10591
347
6815
189
2004
693
1610
8315
2666
10870
5470
11669
5895
725
6520
7237
5921
6374
2285
7541
6161
11203
10971
9975
193
2774
9156
9600
5285
11161
6341
9202
1631
6704
2700
8388
93
5331
358
2783
3726
4846
6741
4543
9573
6283
6436
833
4996
5221
9567
3642
11681
4824
6157
9884
1072
657
11310
10464
6321
7331
8452
1076
1356
9933
2328
3188
10367
464
9049
8735
367
503
1878
9456
9407
9810
4582
9273
9471
4815
3303
6873
2057
2551
5555
7260
1637
1081
992
313
2109
7042
9354
5045
9817
7797
9204
3682
10330
800
9812
5347
6213
10000
8469
8555
11445
10288
4871
3451
5548
6060
10163
3223
6712
10320
3706
7072
7069
3504
1852
10182
9163
8837
4044
2914
5300
6443
8882
9579
10445
9076
9453
8820
10369
8633
1206
11614
2751
4920
9161
5751
3193
7051
2587
7720
5462
6131
8689
7547
8890
8512
10794
11799
3458
11208
9460
2208
3856
6768
6206
2694
5917
1063
9628
8319
10087
780
9828
5728
8325
1608
192
6258
6452
5422
10129
4952
1793
3520
9448
4153
5817
11112
4427
4521
6691
2233
4487
2565
3510
10811
9848
4260
4114
4851
5228
5056
11173
5024
1981
1288
4810
2072
6750
2960
5448
1184
4872
8494
1893
7877
363
9040
3628
5612
7566
5103
4043
7091
8025
11436
10732
9526
2609
4873
8983
2685
7360
1615
11453
264
6082
8156
11926
1922
2616
9009
2626
4714
1742
7068
1782
4395
2545
6974
4518
5246
10242
9834
5457
11314
8611
10055
9788
5276
956
3912
1001
7175
11416
1747
10894
7562
2408
3535
8917
6466
7318
5455
11628
10634
4910
3230
6939
7702
3918
2142
911
4326
9750
6481
412
2048
7125
7469
10607
5832
4773
2376
11074
584
6579
734
3929
11717
11061
3413
9837
3288
10517
11662
1169
3895
3745
2063
9816
1363
7788
7822
6021
4724
3487
259
4212
7608
7481
8871
2188
1564
2205
10362
7865
1849
82
2236
6099
7450
1737
3154
4925
6059
3954
7342
10897
1055
4284
5590
10882
4222
9786
11012
7931
4574
4448
8208
4002
6201
866
7178
8412
1933
6538
3034
4209
9270
10041
9373
448
6210
11113
2336
1954
2498
2602
9531
4055
4752
6415
7927
11886
11991
9615
11880
2133
9379
4991
10805
8687
4918
5316
3553
2091
4906
4071
2813
5248
1181
9552
1582
1457
7231
7074
3077
11566
10122
10311
3197
1781
10784
4476
7747
10187
8863
7819
1035
9959
6472
4451
7672
11438
3220
2221
6847
10009
6514
1882
7324
257
3744
10875
9052
7406
10950
10172
8976
6721
9104
8164
10594
7607
4522
11053
2656
1445
722
1166
9870
1145
1039
6353
4662
3817
11367
3572
1815
6207
5454
906
10118
1881
1986
9868
3582
1095
1114
6938
9768
1177
11339
2742
6972
7274
300
4651
6649
10397
937
3972
7325
6959
3803
5379
8583
8815
6543
4474
1676
7243
8929
6147
6593
10791
11172
10860
8699
3773
3979
8796
2639
7709
3911
8940
744
6316
4650
6566
2965
7941
2131
11138
730
6007
3876
4531
10410
8282
7892
6893
6995
3683
698
381
10349
11189
11378
11451
6689
10474
11664
7453
6148
9506
6880
10659
4433
4814
5280
3537
10959
11151
4728
6595
289
52
3937
4056
2065
4192
9985
6966
11820
10251
10453
6619
1874
10773
8286
1840
10668
3678
11219
9738
5727
11944
4977
7396
11959
5262
6505
4674
10587
7511
9387
2090
490
6508
1007
10566
8969
972
9943
251
4437
4501
6150
6976
7169
8829
9503
3133
11197
4004
11079
6301
2186
9728
11178
9690
10448
3584
9953
3097
2405
11637
4618
3686
3951
5658
11947
7521
6442
3048
10209
935
10765
244
4413
4794
383
7172
2280
8242
8122
4645
2374
2056
1507
5851
2798
9639
6256
8088
6673
3588
511
10510
6913
7430
9504
11971
3353
2323
1532
5893
5673
1706
1945
4166
5476
20
5787
4380
30
811
6769
9672
2396
425
2526
499
2239
7187
1594
8530
1911
9481
4903
1527
7537
4766
1843
6325
10068
10812
7147
10114
1461
10720
8083
1984
11871
664
10632
10544
6744
4278
2373
11962
7630
8036
11228
11018
8818
6363
2049
2937
6504
4183
11779
11300
5138
7740
8254
6826
3621
3640
2058
8305
1776
3153
1686
11330
497
8601
6031
4949
2984
8880
368
9855
9173
8913
4590
1908
11245
10030
3762
700
11146
8676
6236
11214
11022
8473
6089
8514
1021
4769
5512
7582
8410
5274
6333
5328
5161
11530
8868
2711
10186
5694
10681
3180
6710
761
10896
8605
3107
877
7494
8500
3058
8211
4239
9320
11278
4012
1207
4272
3759
9634
11040
6674
1771
10525
7675
328
7095
8634
1202
11823
1197
6592
5520
8437
690
6369
5503
1830
9127
353
679
4099
6594
256
9361
1196
8589
11460
6103
2596
2314
7134
6127
8260
8620
8574
908
7106
2689
825
1571
3557
1192
9686
8772
6058
4865
11131
11989
5305
8754
6808
9721
10236
7530
3948
6326
4176
3314
7261
11935
7170
2930
5578
8774
3284
11759
11250
11034
1719
7557
2613
6033
10648
11965
8877
4178
5202
4314
6790
1625
5311
7593
865
11090
8742
5391
1127
6678
11896
10910
2738
11376
2519
7897
8249
9739
10893
8304
8892
5544
3684
5778
4954
11116
10383
4961
2917
7126
8368
9096
8417
7591
1866
2574
9325
10724
2986
6978
8991
5670
8925
882
7123
219
8142
4904
5868
6527
8085
630
5605
2649
8484
2300
5368
720
10082
3608
9742
9674
10270
4663
10341
3924
9910
1482
11447
4997
10625
8097
11298
235
3349
9024
109
8960
6105
6869
11411
4800
813
5446
4362
5884
1074
10909
2447
8268
7049
1560
309
11185
6962
6631
10135
9679
4142
5040
6575
8147
7699
4390
4706
6811
3279
1493
8420
2523
2470
8609
6725
10444
7814
1508
1218
246
9160
5020
2432
10215
6666
5646
6627
1796
7855
1656
11221
4799
7752
8884
5773
10683
132
7620
4621
8406
408
2031
4879
11972
9980
7339
4194
8790
7744
5953
10596
9747
11003
8178
10700
5083
8672
11281
4980
64
9606
9726
9593
6008
8165
1494
5810
10313
1669
11408
4373
7515
10767
2094
10390
4528
11730
4767
7471
5355
1495
10365
9782
5333
11218
662
3378
5564
11461
11847
4124
10374
3433
9778
8456
11733
10714
2755
7587
2353
5131
1281
2212
3015
2080
9961
9902
8679
5791
1357
9339
272
11964
10040
6343
2669
966
6145
10605
3278
11276
2714
8231
7954
2018
3329
5072
6109
7330
9731
6509
10011
4072
5095
4967
3151
5002
5991
3470
2640
7185
2390
9534
986
537
6715
10019
10938
8865
887
2325
5005
2668
9417
4854
7850
3250
2707
2339
11771
3646
8782
2710
7327
3558
1831
4568
4969
4458
6943
3333
9067
7137
10671
8861
9159
9490
5120
369
928
500
8204
1212
3985
11938
782
4429
4935
8879
5830
9673
2637
7518
11834
364
11606
5088
4734
11990
6025
7666
3053
11986
10916
9195
921
10094
1871
9364
11808
9254
3687
2722
1048
9400
10945
1270
3079
7812
9781
6920
5345
3896
10911
10981
3388
3120
5177
3457
7749
11352
4758
11836
3757
9111
2271
7538
1951
10308
1010
1122
4900
395
6166
2047
3843
2530
1289
674
3132
3335
4861
8964
1817
4088
2247
4657
8162
3545
9063
3172
2979
1991
4421
106
6412
10080
9249
11359
2380
6425
11739
7848
4777
11563
5974
9343
3655
11492
3081
10456
8968
10029
7937
9406
1395
6848
11553
7025
10667
2096
4750
9257
5967
9883
7695
5797
5378
9789
4410
9193
6168
103
10599
5861
9244
1253
11852
6663
8887
7713
4387
2691
11224
11470
2427
2659
8599
5091
4265
8014
10273
10900
3234
7063
128
5287
3630
4389
946
4835
9082
11677
979
10593
2195
5172
5451
2482
119
3679
4348
1174
4092
10278
6222
7412
6146
11056
5021
683
5396
7627
3271
2335
973
2723
3007
2764
7239
3899
9931
5619
1068
11134
1648
1312
4257
7890
8453
2620
4155
1652
694
8111
7601
10212
1156
10619
6667
11456
3069
5759
9397
4268
6377
4100
11179
10100
5376
643
66
2054
7882
3658
4718
9452
9247
11980
11415
4634
4895
8856
9518
9105
7259
8725
8063
4532
267
871
7380
7428
8541
9287
7893
1208
7586
4782
10588
2172
2343
3389
1930
10471
10501
11657
10258
3894
6586
703
5598
6126
9222
633
5853
2544
2935
10819
652
635
2106
1565
11303
6603
10913
2920
2115
11806
10109
8736
9964
6628
1663
11955
6144
11782
4275
861
9581
7362
6802
1651
2201
6367
8265
9755
1956
4671
2289
5157
11457
8996
3907
295
2664
9983
2151
1835
9730
2490
11334
10602
8383
7886
5869
8481
9678
10161
8644
781
9203
9086
11014
10053
8638
4876
7613
1262
11737
5282
1396
1814
2992
9390
4418
5471
6967
9109
11348
3900
7913
5683
1584
6449
10613
1139
6269
11400
3770
7108
5192
3409
2429
7489
5849
9617
3662
1553
6615
2520
8443
4585
10782
4103
10649
2209
2281
1008
6077
10420
3738
5752
5888
11831
8205
10489
6317
8858
1400
5111
6904
9919
6771
4329
1018
10371
7285
9330
580
1968
7707
4017
10993
4756
11115
4737
6298
7088
11974
1224
9256
3536
5214
6022
7692
1103
4034
5845
7067
11833
4588
4274
11623
7279
7879
6623
6874
7468
5498
948
460
5199
88
5926
10768
7979
7037
11711
8914
8702
340
9936
3323
11923
6620
11267
10804
11032
8159
6268
4506
2848
1398
7473
5909
2439
4788
11052
8864
5541
7736
5537
2026
7617
6747
3901
7085
1154
6235
11970
565
3667
2853
6112
519
563
7603
10675
4420
10004
5315
7965
3716
1265
10719
3559
11080
94
11658
5500
5501
5857
3450
9092
7606
5092
9538
5306
11640
6252
5977
7904
427
3222
5915
8891
8776
7614
1948
6932
10327
6030
5296
10758
3105
10776
2720
5699
4356
3635
278
685
11778
4785
7313
6006
7916
6872
8447
5460
5704
10368
6172
5018
11804
886
5159
5425
7181
11801
10722
971
3070
4874
2912
7146
7271
1550
3698
11884
2491
227
1327
4270
8552
3513
879
4649
161
5528
3672
9106
11192
1189
6174
11287
3014
3746
11126
10
4962
3136
8490
6606
4517
541
3992
386
522
3
2870
3001
11099
9702
1965
7626
1066
8455
9154
7936
11379
2116
11057
6136
10790
5064
8320
1294
10138
10096
11702
9546
11320
7006
10092
1772
3715
6441
486
10343
2814
8479
7456
5565
9560
5581
8989
11132
6754
6244
5019
1623
6336
7502
5242
8300
2716
11994
5539
1449
9125
6445
10252
4283
4335
8065
6085
11987
3739
1344
3111
1150
5764
115
80
4394
944
5109
2610
5057
8826
9829
7480
8610
1278
3567
6535
3307
104
3615
9437
11894
10810
9181
2838
318
3675
11259
6928
6925
11575
10180
11995
3853
11610
10232
8317
4457
5112
5763
4063
2819
11444
10077
9523
3960
2646
7564
6737
11982
10892
3396
443
7155
7964
8272
1182
5094
6794
10541
5936
3275
2078
5846
10755
2430
9341
6253
8618
3449
5872
4456
5049
3338
9282
11936
1774
4022
4909
4158
5720
3144
7374
4985
6562
9861
5070
919
6896
2991
528
9951
2418
461
5549
1654
5929
3881
8099
7629
8495
4397
14
4628
248
1119
3168
6248
1213
2576
856
8993
6130
8312
3998
4263
7124
4148
5918
371
9186
5436
2135
7605
2126
3342
10054
1573
10647
5382
8061
6187
4519
2784
6406
11818
4976
5266
6286
2356
10126
5278
2425
10918
2
8570
43
7366
6756
5067
1374
11265
7079
3758
11999
1958
1481
9003
11973
1798
8893
8256
8692
4378
1702
8482
36
1061
11600
283
9426
9563
7883
11002
11645
2947
4376
5546
4524
2662
3438
8918
10506
6230
842
637
8033
1898
7283
11459
2881
10617
1036
2905
5517
10492
1941
3420
6073
7358
8186
6999
529
4669
8334
1230
10754
7757
1026
5986
748
2998
2378
963
8623
1037
6944
7053
7356
8755
6069
10795
3390
4198
9771
2781
5154
1028
11679
2864
10376
5516
11741
9276
1753
3816
3192
9245
4712
6681
5359
9055
5078
4626
4266
9194
2592
11196
3360
7824
2896
6699
2507
2052
10535
9313
8152
3202
5139
11504
4473
9871
5962
7804
25
8860
7622
805
2690
806
11279
5596
4540
346
9661
6855
10079
11489
5831
9760
3490
9098
2942
7505
572
3801
6238
7246
0
471
4105
4557
10277
10901
5803
6900
11849
1854
5080
2103
11440
1300
10841
2527
120
9057
1325
5978
10825
1749
11271
3474
8073
7417
2330
4374
9667
3741
10515
7553
10089
10523
1511
6360
10826
1399
3269
620
2006
7802
2302
787
2022
2651
2683
8974
183
8558
597
5017
11580
9027
9668
4426
4753
8867
4323
7708
3294
3326
4042
7508
11691
3454
11180
8844
10638
1538
5198
6640
9189
2437
1194
3889
5079
1125
5999
11966
2454
7659
5823
8150
5348
2856
19
11924
6645
3825
10102
7220
11049
1919
3872
4225
1574
4159
3266
8095
9475
8175
6178
11883
1940
3432
4026
8770
6936
4129
2929
4624
7668
2440
5241
10565
11851
4778
1038
4316
9549
10121
760
8904
7375
2786
10881
8273
6885
97
1758
8556
4945
9402
8042
4355
6991
2182
6100
10264
5352
7633
4853
282
1921
10999
8174
5413
7765
10160
2702
9336
9399
11144
3348
1780
2537
4514
2269
10144
7425
5386
10065
11272
8507
8596
9555
5805
3231
10470
3145
7120
6218
8543
3884
742
3736
4095
10379
6813
3562
5563
2686
11171
11194
10799
623
2868
4963
8160
7357
4887
4398
7264
4162
8724
10015
5603
1949
1734
1401
3387
4620
4547
1827
6696
5392
3967
5844
3596
3315
179
6453
2317
5821
4771
704
2411
6182
9588
11240
3366
9416
4359
9466
4564
3750
6758
3060
6214
9649
1807
872
3820
2606
11809
10738
4076
9224
11696
3786
10241
6083
10150
5156
2244
5719
2484
17
546
9347
8198
38
9701
3086
8140
5442
1297
11981
9724
11062
10261
3890
4735
7982
5356
4821
4136
10968
266
3747
9962
8678
896
7969
3649
2512
10006
5799
11026
7441
11419
260
3603
1850
6824
2641
10699
5538
329
8364
4591
7628
7416
7407
10669
1697
8327
1002
8783
388
1261
1847
1343
7632
11819
5364
10998
4849
8501
5878
5071
2127
10325
1121
9103
200
7111
1110
1596
10689
10983
11879
11734
4273
5353
40
11345
10973
11110
10326
11865
10716
3080
5717
8744
4870
8584
8553
1170
7321
11674
7168
10381
7233
4562
5180
7798
1407
11918
8954
491
1204
4971
1162
5892
11903
5779
5663
8998
7860
2137
8483
4262
4419
3453
6104
359
5370
10329
4152
10967
9847
10775
2226
6327
2433
10436
8347
2706
6546
142
8316
384
7782
7859
1993
5716
7493
11915
10846
4371
4578
8569
6853
10576
5824
1017
2309
4901
6636
3236
9794
10779
411
6003
7585
4145
8705
7400
10400
2794
7386
4868
505
10123
4102
9867
2976
4733
9441
3239
7373
482
557
5290
1717
4024
9297
11468
3866
7032
2497
839
11054
3730
695
1069
7250
4779
3832
1992
3358
4627
9351
880
10787
11901
11556
9131
5979
7245
11425
5551
1509
5533
9215
311
8196
3601
9685
5560
11349
1249
835
11398
11788
3499
2970
98
9839
126
699
9536
10204
11893
4732
11916
6444
9930
1708
10287
10733
1290
5206
3936
11996
8686
4986
1547
6757
763
465
11364
2532
5561
8870
10344
5155
7960
864
10522
9901
7554
8739
6997
7714
3760
9263
5965
6519
815
9489
11550
8668
3416
2223
7104
10643
3689
3268
3959
4717
9616
2228
3711
7955
7031
10473
7907
1770
7495
1469
11168
9042
6679
5976
7970
10439
7405
1658
8709
1606
10802
1496
7257
3158
615
5420
2107
8318
8761
2804
3206
6468
9436
9610
5340
433
1442
5592
5948
7408
8716
2793
11385
4279
7648
11409
3591
3597
2170
6116
1731
7657
2055
1244
1016
2550
7183
1439
10570
7560
3447
10331
10665
3933
1715
11123
3022
10582
4720
10559
401
9916
1572
7267
9929
8121
2206
4989
4157
9894
9589
1296
2999
8023
7363
182
7683
261
9976
144
6199
6540
71
5987
11978
8759
9945
1490
5628
10010
8465
7041
1868
11533
8980
3945
7689
7809
10108
2019
11261
11932
1350
481
10217
10268
808
1175
5257
1276
6765
2749
9840
10185
535
618
2203
9319
4251
7315
11071
6376
7734
11505
1295
8903
6977
4875
11930
3752
7609
7663
9039
4197
3110
6866
3631
1591
10772
426
9533
10823
3201
8371
9335
11887
10701
8600
1284
5672
2948
11183
2029
2024
2062
3455
4710
6427
3211
11725
7286
8874
1934
9633
5051
2235
8872
7454
3892
11242
10052
9396
3089
711
3286
1681
5972
7658
6418
4694
10395
8296
6518
5575
6169
3221
9699
930
11856
11748
8928
6424
1323
7655
2962
3923
7465
9650
716
6895
10907
7894
8049
5106
8275
1677
8251
5314
8700
7968
7643
5129
6553
10342
6314
6761
167
1191
2002
6426
10493
2954
7691
929
6309
2147
1222
1809
11615
8222
8902
8158
1973
7625
8516
1243
9719
9899
6167
6573
2805
2797
7129
2238
7193
2104
8040
661
6697
8194
8029
1765
952
143
1334
9064
3883
8307
298
8987
5068
1554
507
9759
7758
3143
11715
4113
2799
5008
7476
8439
9136
4644
9180
11285
8098
892
1045
3694
11114
9473
812
9717
3430
6409
9075
3272
3620
7715
6478
9814
10796
11498
7565
4417
11891
10127
4220
8597
1859
2993
3935
3829
11462
10800
7028
1512
9927
9434
8658
2898
11016
5827
3908
4073
9023
2442
2951
273
11246
1822
9071
7202
10069
1695
3357
6282
7771
6752
5237
6818
11653
9210
4597
4216
11366
1838
4134
1611
10555
4082
3643
3532
1223
2636
8348
8119
6446
11335
7823
5371
184
7244
5747
4414
7594
2956
9117
9198
9656
1247
7638
5149
6930
5184
9994
5818
10064
6175
7174
5618
1506
1664
6583
11907
11951
9115
6170
9152
8189
3995
5881
653
8010
11892
91
2187
3742
3696
6703
10113
7421
1304
11477
7075
10660
4391
7482
9465
3569
11588
6221
10380
11668
523
3006
10979
5552
1687
6042
8557
2194
4802
11798
786
4516
1287
2242
3109
2365
1167
7398
4888
4438
8423
2037
7387
7350
7527
7206
9990
11952
3661
11719
10396
10419
11082
804
7348
10929
7773
1301
6609
1077
10386
7347
4743
5207
11769
2567
4615
9636
7284
515
4764
2086
225
8295
5961
4919
4182
9274
9705
631
9500
11960
10413
1886
8896
6115
9124
365
826
904
2087
9647
8076
8432
6622
10174
3135
11695
551
2775
7863
6447
2660
4689
9722
4110
5643
1029
9583
8504
1643
10097
4204
2989
6263
8921
1743
10338
1412
11902
4844
8109
1052
2510
960
7858
7832
599
2349
5434
2729
1383
7334
11030
9655
8822
10350
10928
2488
3869
3561
7806
7853
5260
11633
1721
3352
8945
3059
9043
9102
6849
2366
11427
7485
4983
4269
4537
9439
9732
11735
3150
11371
10128
7780
8659
8003
4653
645
10980
2676
684
2070
5701
1157
8391
7516
4609
9014
7743
9072
241
4477
9381
11215
9190
9018
10992
366
8375
729
3318
1142
417
2414
269
7377
493
11570
2882
10962
4781
10708
10585
6379
5310
778
11648
4434
6821
8103
9999
3148
5468
8643
10406
4213
4789
4636
9544
3393
10845
6929
2922
6324
1778
1891
7093
3350
9383
1848
7084
3035
10253
1352
10393
6247
4886
10363
5469
9294
105
48
4596
5168
6836
6878
628
6909
6460
10333
6250
5098
7815
6574
10081
11582
8415
7646
1895
2111
8370
5009
8575
1957
5614
11998
6123
5204
9412
2878
2765
5212
11387
11568
3774
3379
4441
5117
6498
10984
5526
9242
4442
11420
1034
7447
6650
3581
2034
8533
10291
3505
2963
4345
7138
7389
10933
869
1612
10532
9394
9430
9338
11514
617
4975
5920
8723
1763
5806
8802
4116
6823
5302
7403
9393
3482
9820
11829
1233
9619
11304
11155
4254
8984
59
7474
11796
6695
11045
1159
11569
6027
4252
6644
6440
5249
5819
9966
6471
11573
1217
8497
2644
10848
1501
5942
6812
6753
4133
8046
660
609
8748
8430
7385
2409
10247
6038
11904
7548
4768
11117
9892
1626
3673
9932
1674
9100
9062
2974
2862
5591
994
2060
8478
4370
8873
6040
350
2333
10491
5912
2509
11258
8671
10048
3100
11726
9118
6093
5336
11127
1293
5504
1345
714
1171
4642
3004
4553
5649
4571
6302
1972
590
5837
4327
4264
11037
6798
9016
5968
8631
10449
3964
8888
10749
6665
5574
8698
8310
1393
1857
9321
9900
2559
4402
4290
7001
3571
10505
1451
8608
771
9386
1500
10422
10167
2758
6359
10283
648
9272
209
1820
770
3546
7851
6613
10543
2826
4697
3794
5523
3702
8750
8798
10965
9905
247
2267
3475
6398
646
6782
702
8292
10885
2424
9762
377
8308
10678
9303
5515
588
6692
1320
3285
287
9352
11313
9797
8393
9410
10861
11033
4995
7834
1567
5722
1767
5354
5714
4493
6151
7248
4127
6801
9644
4772
9694
1768
8768
7258
712
3993
5777
9162
11867
6894
10558
1531
1884
4465
5250
1683
6705
1108
796
3130
1115
403
11490
4860
1316
7820
7935
6735
920
4972
394
3179
6486
7926
11567
7611
2185
1012
10243
747
2997
6897
3370
4499
1431
2831
1853
9680
6277
7443
6902
7770
8779
10256
11243
6293
11164
6867
6682
10658
7009
7929
1089
1428
10375
7253
7684
10196
4309
3920
8846
4307
6658
5055
8990
10201
4236
6662
3593
9145
10345
8894
8616
1326
2967
10455
11850
7686
9494
1712
8143
3563
10484
8665
5580
7507
1996
90
5464
3633
5105
96
10557
7204
5834
11186
8503
146
8775
4242
9278
5046
3166
4602
7763
1729
715
2583
3299
7203
7923
95
10888
7228
6857
11428
8778
6237
6061
9697
1479
3419
1929
9095
10031
6786
5235
10194
69
8550
2603
7201
11463
9627
1355
4174
5135
8405
3319
7082
8356
6554
9541
1619
11650
2642
9328
496
11095
11469
6582
7470
1546
3255
8785
5766
10745
4994
228
11750
10769
1186
10086
8094
8431
8730
4917
4944
5339
3714
3292
6185
3570
2800
5923
8255
285
11237
6266
10935
4009
3808
6659
6714
6780
8753
803
4722
3343
981
9766
9477
7110
6141
6820
10955
6958
3733
4045
4921
8614
445
1614
10691
4665
9590
8763
2253
1013
2290
7355
11039
8560
1880
10915
5876
1975
5297
3113
3835
7533
1685
8525
4916
7759
6734
3481
7903
4286
1198
1105
343
11509
6906
2398
4248
4536
10818
10939
9150
8787
5427
2064
5225
5627
5675
2696
6455
8531
6994
5761
3298
191
9260
5375
9423
9488
9128
2067
5731
11977
544
5647
3119
10035
1098
7531
2184
10729
1970
6403
72
4791
11707
5897
10195
419
5404
8008
894
1913
4190
3511
9735
8923
4700
9510
10813
11404
3554
5784
4510
153
10923
2467
7844
7909
1659
950
9006
933
2017
5715
6700
7791
1111
6617
3176
498
1000
489
5769
5323
2893
8606
8528
8949
10071
11043
41
3233
4641
9920
455
562
4889
11920
5006
446
5642
1856
3925
8771
101
8053
7733
9853
2183
6000
3399
5213
5487
9997
5750
5807
11701
9209
6912
1739
2489
11873
809
8220
11586
2388
1811
5264
9422
2476
7716
3922
2906
9078
8153
7615
4699
10192
3663
7144
11547
9290
9199
9849
9954
11125
8252
4443
2849
4214
10033
2189
8695
11338
7887
9998
1014
6194
7457
10941
434
7439
8593
2276
4804
4643
11097
5900
2820
6558
8801
5901
3607
1011
1489
4959
1566
5218
16
10276
10869
11105
6968
121
9761
4525
4472
3425
4478
11412
2400
816
3092
11700
11424
6494
5783
1433
6255
2533
4302
8400
540
9809
10451
4577
1050
3984
8359
10944
5183
6632
284
9527
10876
11157
3722
8226
6388
10574
444
5158
706
4186
11063
6457
3595
11328
1844
4230
8187
10627
4539
6706
6451
9323
4832
2331
1328
11316
8467
6139
1799
5771
10808
7419
3514
2589
766
7572
11968
7002
10020
3891
7795
6337
9129
2506
294
6458
6862
750
5171
4592
5443
8885
1552
11283
4672
7636
3251
10246
7914
4558
339
11050
5774
75
8934
8092
1256
475
2657
5160
9334
11661
6066
6879
8416
1059
3888
1963
10495
2924
2634
2505
2557
6766
4545
5800
925
11557
862
11761
3283
3087
2129
5251
435
135
4319
7388
11336
2566
3417
11454
7413
8878
324
2908
723
6219
187
9808
8746
1912
11520
8378
11544
11176
1319
1655
2459
5688
3289
7316
5488
8091
10932
4894
4459
5835
3340
8673
3463
5417
3088
2354
2227
3539
11253
11579
10154
7976
7045
2120
3054
6015
6863
7432
9307
11091
9216
6886
5304
7956
10093
3290
6908
3893
4250
550
9554
5960
2715
8155
5312
2972
5654
293
7644
6467
7225
10997
2197
413
10218
9960
7302
4324
5795
5489
2541
11768
612
7043
6132
11041
6386
3033
4006
1313
586
10673
3904
6308
10761
6656
327
9440
8566
2471
6079
975
89
10958
4321
6405
11422
1292
5141
1024
7130
3395
5215
3977
28
5350
8363
1487
10597
210
10618
11264
10274
9860
5737
10583
6845
10487
2811
6934
3045
11402
3377
6229
8314
11273
5510
7799
9221
11853
8384
5104
2220
9318
10852
11315
7317
9658
2958
4258
11708
8843
10743
1937
8492
404
1140
4755
7843
3723
1906
3090
6859
7445
9093
2836
6355
1877
136
6205
2928
7800
9986
468
9469
3008
998
2875
736
3096
2215
6209
697
5955
5677
9333
7543
8582
196
10815
3464
3273
2200
755
3656
8912
56
8906
6587
8935
6731
10710
7266
8688
8050
6828
5871
10770
11773
8114
414
9478
4511
9602
9854
9081
1163
1533
6817
3498
7900
5437
691
6877
2318
9480
9030
1441
2042
2773
5587
1722
7117
9547
3228
5741
6907
8764
3071
3161
11508
9079
7118
10696
850
2665
3594
11353
2966
1109
6480
2888
9645
11147
8024
53
4125
4503
8635
9013
6045
3018
5765
2041
7448
8138
8030
7080
1764
5975
11494
8298
8001
3185
4481
9363
3146
6736
8052
10862
830
6180
10063
11238
5651
11895
4629
6971
44
8715
2168
9230
7034
4507
6329
7959
4892
2452
10427
1999
5798
4075
10358
9512
11004
8346
9309
4052
1983
8395
4003
6054
5381
6547
10704
2282
6358
5089
6975
1075
990
10286
2866
205
3009
6713
1341
11405
1812
1128
639
8717
9451
1787
1646
2539
10056
3205
8184
4867
8777
9822
2466
5933
7996
1420
5065
2351
9893
4612
4726
7767
11109
10460
9749
10551
6064
7985
7687
2857
7234
6840
3944
1541
4862
8728
10721
4555
7835
1153
11059
525
2413
2713
11483
2110
10960
9258
589
9280
5367
6138
3497
3204
2846
5880
2259
10600
11925
8166
6260
8041
3793
5127
3573
6830
8067
181
1777
4708
3249
7061
4856
4430
4271
8916
1418
4703
1131
2264
10631
9949
2138
7995
10075
1732
2085
1505
396
7254
6523
8
4039
5617
8471
5497
5240
1033
10044
83
5522
9885
4377
9987
7161
6642
5661
11943
606
2097
3818
7444
2891
7500
5102
3857
8713
3644
5815
2059
3467
4655
5281
6120
11486
2712
1274
2807
9462
8451
2446
4115
2740
3836
11843
4357
8218
10937
8360
8852
794
9298
458
3705
10257
836
7152
1362
10421
2839
7924
518
1043
5133
8563
11188
1928
405
5220
9696
7026
4074
1833
9539
7312
854
5650
5768
1084
10545
4885
957
5173
8812
8168
9232
8377
2703
9183
9121
4049
2341
11158
11837
8706
424
11306
8588
1124
3502
11939
9342
11217
11885
315
2385
440
2483
922
2761
7544
4748
10321
3182
512
2159
6430
3947
5608
7135
3091
5529
10774
4375
701
1675
5775
212
578
4859
8474
3478
7559
11897
11435
7103
9520
8169
4580
7787
9201
2900
9360
1936
316
9061
11827
915
1905
4346
5115
10821
11666
10214
1299
4902
10614
878
1307
4064
996
1977
6795
10293
5858
2516
5275
7282
2303
6911
3691
9056
3047
3282
6923
10966
9137
6651
11545
5073
1219
70
3751
390
11294
7353
1662
10766
4013
11963
2199
2166
7810
3708
9984
2298
10624
611
2033
11355
3914
5634
8459
2173
5028
7706
11152
4119
6804
1745
2661
7542
6870
10171
11549
9955
6332
10424
8660
11755
517
1602
8647
1901
3155
6888
1257
11073
5432
8615
8402
3693
5341
3753
6608
4958
764
7256
10298
4780
8685
3468
253
4285
4354
3065
1570
6599
5984
4304
8956
1537
855
3117
10165
11642
3849
2121
8971
9681
3306
8392
10067
5486
4098
7981
4479
4484
11145
2352
1006
5076
7581
5058
3858
8154
10337
526
2990
8683
1027
4130
6024
2858
6633
10844
10509
10032
7517
7411
4622
1085
11070
5925
11499
8054
8703
2332
3165
1756
2260
7328
11111
2569
7748
2263
11870
3052
7119
1797
5342
8869
9926
3735
7140
7932
11910
1966
3873
11346
2969
5698
3152
1967
11341
11190
2406
10639
4185
7112
3934
7200
6477
4936
7395
3418
6129
4280
11772
10208
5164
10832
7604
10890
6492
1097
11484
9142
1391
967
3839
11096
6686
2693
8262
2243
5320
1599
33
1980
11740
6275
8365
1698
6227
10468
9813
3850
3879
5444
3339
8299
10567
9020
10466
5969
495
3579
7862
7291
4169
9138
9913
6957
7818
6402
11381
9879
2412
5959
73
5860
6745
165
5479
6110
4926
1210
7972
5935
10200
5284
10682
3436
2257
2248
7667
7576
11861
1280
6668
5756
7825
11301
1429
10347
9977
7019
11414
8938
6240
1862
8680
2591
252
406
3955
9269
26
10940
1834
1640
3495
5245
2438
3229
3845
11704
11401
6320
349
10134
2502
9543
2225
9283
10279
8733
5053
4336
3142
2139
8756
8559
7319
4288
626
2933
4523
8738
2885
8421
9779
288
6789
649
822
5465
5052
5317
10289
2448
11753
5696
8266
8741
2124
10046
7044
3072
1415
1791
6729
4407
5291
3704
6241
7139
513
6348
6914
11351
7121
3381
7945
7525
1769
10282
7669
492
7492
8957
11443
7322
10418
10542
11013
1126
5947
1585
9605
3448
5597
7674
7703
9911
9362
2128
3042
5985
5883
2561
1855
1402
319
5689
7676
1240
150
3041
114
4079
11106
7435
2538
6368
6057
3480
81
4625
10207
1148
1597
1086
3668
2910
9924
9429
6272
6001
2053
6399
7240
11728
3421
1246
3102
6626
3265
5230
5875
6096
2092
4576
7640
5723
4440
8803
4467
5524
10050
7427
3083
8355
4019
6223
6557
1542
6500
8386
6322
2867
7751
11689
5346
8019
1900
7221
7922
8127
7345
6611
6002
3721
10125
884
7866
5481
6784
7826
3732
3958
7209
504
2876
947
4010
400
801
3833
11332
4048
1371
9859
11350
10255
1286
6572
3981
9467
7038
11888
10760
8077
11599
11757
6346
8381
8833
5193
2051
6539
8743
9511
1366
7060
10686
654
7226
7096
9754
3362
10042
8413
1337
1994
4313
281
1332
5743
5943
9720
3541
488
9877
531
8309
2932
331
9295
4215
2379
3586
5483
9601
7777
899
9795
3115
602
420
6474
1488
5767
11659
9037
9296
1138
6550
10707
2012
9285
1943
5027
6551
791
4247
5848
7665
6171
9921
1647
2025
5829
1894
8666
5096
10903
11101
9492
6822
5036
6121
4364
2358
7697
741
11523
9085
4163
10442
7811
7875
9740
8149
6192
3356
9411
6482
1486
7392
11482
941
5211
7478
6565
7718
8206
5271
5613
4301
6300
9858
7579
571
5576
7309
10646
779
8661
997
4241
2817
1346
6892
222
8087
7602
8571
8959
10088
3046
11241
6176
6638
10417
5030
1388
7021
4156
9758
10441
4999
9248
9872
5191
530
10426
1701
2014
1728
1064
2486
5856
6537
5559
168
7332
11775
7196
10237
8203
7176
9811
2859
173
8781
2016
821
6259
11597
8294
1235
276
8018
379
7036
11452
1446
11555
10275
9713
807
7223
4297
10425
7704
577
10908
9371
10763
6889
10674
1620
3068
2294
3196
6438
2860
11698
777
587
8336
9498
4061
9819
2010
5447
8394
10641
3424
6211
9236
591
3632
7549
4950
11729
9091
3766
9514
7230
11274
3610
8955
9626
7831
5865
11135
8568
4218
1447
8757
415
4811
2232
11560
7768
9175
1267
10266
4600
2152
9419
5879
9807
8652
1892
10267
1524
5910
10747
11290
824
3405
3767
190
11289
10245
1091
10272
10377
1730
3141
10248
8502
5718
1714
650
938
949
375
10061
663
9166
5862
7372
11491
5208
5022
7997
6711
1618
5885
9903
11029
2779
4227
9790
9139
10692
7753
5678
2082
10957
2000
8999
7989
3203
231
5640
5385
9123
7717
751
10685
1964
7635
6331
11060
7991
10227
4177
977
10503
3125
4400
9727
151
2772
4432
5430
9851
8125
11660
1180
1020
11015
3942
7821
214
10428
8017
708
4721
4829
11934
8328
10571
10592
421
10556
186
8112
1164
9845
8513
249
1216
1885
1173
7000
9714
863
4570
814
3320
689
2122
4586
1283
4032
8540
156
7513
9252
3528
9521
4908
3860
2268
598
9502
10073
7268
1310
1083
5870
4077
1750
8463
11216
10806
8102
2899
4939
8269
5015
3183
1953
1932
8841
2560
10512
5874
6954
11713
1529
4450
2071
6985
1517
6039
11967
4361
6497
2397
2547
10528
7921
9934
932
688
6184
4303
5641
10752
10693
6981
10783
11877
10262
6868
11437
111
6397
9041
5644
8245
1211
9384
11766
3267
11362
9734
2623
2762
2855
2595
7590
3815
11518
847
1666
5940
2717
11687
10530
2628
7555
8289
6055
376
5144
7466
1997
2554
7898
5508
1869
211
7058
11680
3401
4423
2283
11064
4151
9825
18
1595
810
4352
8100
6541
10026
3863
6198
4583
9403
452
1829
4175
5456
5535
1713
11020
2844
11122
5656
22
11581
10173
2810
9914
11784
9311
9948
2588
4863
2105
11751
9528
6304
9153
1376
7383
6992
8714
5398
8233
229
10022
6318
7724
5480
2322
4021
783
7122
6461
5518
3175
4966
6243
10025
5255
4745
1188
582
8177
10148
10066
9641
5038
3953
141
10537
2546
9217
6843
7637
4922
7778
4498
3415
7867
7143
11475
10438
9688
9084
2816
3797
8457
2594
8899
6296
6231
3010
8963
5438
11263
2207
5125
5263
3407
7524
2961
9915
11558
2695
5338
9
3488
9823
3162
1291
2996
10742
3962
6094
6580
5167
1453
10107
1867
8408
9463
477
888
130
42
9101
3302
561
1578
131
1425
9468
2916
5842
7198
6162
11548
4449
7305
11546
1022
2360
7384
3139
9922
2655
749
9108
5604
6717
9826
11988
5390
10662
8044
9251
7623
2823
11720
1384
745
6181
11598
3882
2633
49
5134
10723
6354
3225
9642
9073
8581
927
6890
10780
4040
10119
3576
7817
3215
3244
7490
9709
6190
539
10220
5140
4848
3508
3885
1456
9774
3916
669
8640
3670
8060
5499
5188
8930
11207
8669
7523
11076
9068
1462
2329
7297
3295
3209
5032
7650
10843
7276
905
11418
8629
7745
11343
593
3114
8366
8797
2295
918
9113
11636
3700
2108
7634
2404
11985
4790
7742
3987
7726
1678
129
3688
4051
2368
1454
3242
4670
67
1172
11688
352
4112
3248
2678
171
11288
11485
10181
7901
11709
9372
4930
2279
6502
9275
3988
3321
6945
9413
1275
1185
1358
10801
4984
6156
8810
2035
8942
1950
11165
11875
718
5247
9677
9000
10847
7498
1426
5585
5543
11604
5187
6528
10982
1536
6034
10850
2808
3391
3938
11159
61
8809
8655
10323
4806
6941
8080
23
8407
6748
10922
4572
5478
290
3281
5142
2422
1094
3341
4173
10103
7986
9838
10703
1143
10496
1818
7575
11830
2735
11864
2441
457
8854
9597
11174
5048
87
2618
10475
2645
6590
4812
3044
667
2148
10199
2698
3040
9670
7452
4104
832
8069
4149
3437
7292
1870
3076
4347
5254
258
6242
9664
2522
3574
9833
1251
10709
4491
4548
7864
10155
11184
7786
8331
1624
9862
1137
5003
1483
9340
6428
8117
8257
10953
2833
2164
11605
11220
3002
1117
1740
11595
1455
391
6384
11527
11211
10124
3810
4946
8806
4383
9769
1649
10694
4795
8139
7618
7101
7570
392
8626
11133
9850
6803
4928
10164
3547
10416
10271
1813
917
8241
8043
7151
1375
201
6434
8648
758
8353
11682
4500
521
9535
8051
2377
2828
11390
8613
4687
10635
5566
4702
6280
10281
10653
2915
5467
6998
4466
2681
60
11821
9918
11449
4189
11023
10106
11496
1696
4646
931
11466
2911
6375
3647
3791
1120
9459
9898
7039
9703
6956
6046
7215
4317
1577
4384
467
2708
9612
3075
7008
3648
1952
10434
11465
