1195
1194
1190
1188
1187
1183
1181
1179
1168
1167
1166
1164
1163
1149
1148
1142
1141
1140
1126
1120
1119
1117
1115
1114
1112
1110
1106
1100
1072
1070
1069
1068
1067
1064
1063
1060
1055
1053
1050
1043
1037
1032
1030
1029
1020
1016
1014
1011
1009
1007
1005
998
995
994
992
987
982
975
973
969
968
966
954
950
947
945
941
927
923
920
918
916
914
909
903
901
899
898
896
894
889
887
882
875
874
872
871
870
867
859
856
855
848
844
843
838
836
833
820
810
800
792
790
789
785
768
754
753
751
744
743
741
740
725
723
722
720
718
715
708
707
694
692
687
685
684
682
679
678
674
673
672
661
659
652
649
647
646
638
637
627
626
623
622
612
609
605
604
594
588
585
584
581
579
577
576
575
573
562
560
557
547
531
524
518
517
512
504
502
493
492
484
482
481
477
470
469
466
464
463
462
459
457
450
449
447
445
444
433
430
415
409
398
392
387
386
384
383
376
370
361
357
355
351
347
346
345
342
337
335
330
328
322
321
319
313
312
308
307
306
304
303
300
295
287
283
276
274
272
269
266
263
261
249
235
230
224
220
219
217
207
205
198
196
195
191
188
184
183
182
179
177
166
164
161
160
156
150
149
147
145
136
134
125
123
122
121
116
112
110
109
107
105
104
103
101
98
94
91
87
85
82
71
68
64
56
50
48
46
42
41
36
33
25
22
21
9
8
6
2
