2808
8610
2898
8912
4278
2107
10719
7697
7890
10291
5438
7508
2385
8570
1345
4628
10181
4962
10709
5264
4103
8934
97
5067
3458
6187
1793
6426
2135
2893
9162
884
8613
9100
8245
8969
11666
3554
5764
10794
8852
10492
9538
7798
11504
144
1072
11555
2816
11185
4669
5142
2295
7826
10427
10154
4829
11133
10134
11636
8869
8040
6280
9159
7566
4072
3197
10365
3388
8111
9137
4514
3858
781
6681
7243
8744
5765
8363
4875
879
10256
4163
9647
1343
10347
2058
815
10214
11197
6089
3381
7118
9759
7374
10957
281
9602
5173
7313
9104
7137
11151
1787
2948
7120
2418
996
1972
10066
11709
3053
7257
4969
3192
2271
2322
615
6109
11194
10565
2906
3562
1479
8087
7387
7843
10648
10897
10456
6904
3721
782
1281
1977
4272
2285
6123
2294
4430
11033
8513
11171
10174
8178
11751
4699
9009
2233
2486
2041
10048
11289
11930
10808
11486
3644
3675
10496
6789
7879
3133
3635
9990
11155
9232
7466
1809
9103
6388
9812
7863
6801
11798
4977
11947
8728
6298
10570
7548
10102
11987
10501
4674
10918
2429
804
9127
10442
11967
3065
7226
8265
9118
5773
8756
5208
4391
6042
10199
11062
1849
5716
5870
11484
6812
1663
6893
4865
10445
1029
6325
11032
7965
2716
3553
9311
9898
1108
9920
4516
1182
10678
10082
6877
11475
9101
2206
8736
6972
5447
7810
1246
7264
1721
7981
10163
10888
11419
3436
11986
2740
7445
582
10417
8714
3591
11952
11063
4055
3015
11113
4935
6997
2124
6897
4708
3420
4547
4596
10073
6706
4750
11183
5480
11563
4230
7615
8550
3873
2349
9581
9275
7996
1571
3508
10079
11482
9437
6815
7245
1949
3018
7363
11466
4402
8080
8873
5759
4643
11988
9347
1256
10729
2360
6283
8771
8268
2712
1778
3416
67
8043
10208
3998
11278
8347
10742
2205
4876
6322
2532
2507
2127
7886
3111
4624
6818
4374
142
1290
6649
1055
6210
10950
5846
5183
9459
11418
2300
6320
52
1934
5844
796
2885
4642
6599
5353
8159
4503
1446
7530
11112
2194
8568
5555
482
10911
3640
5311
11041
11238
5523
1216
928
4700
2587
6022
4043
1001
8783
7960
8231
11514
1224
2129
10675
4997
8085
6573
10821
1043
2855
2537
2864
9020
6146
663
8530
9813
1936
8206
9853
2569
1011
9269
6782
6895
691
10583
6336
861
4916
11250
11447
7067
5942
9258
10686
2859
253
7582
2182
3891
5986
1192
7955
10541
3732
2958
9280
1550
7358
1126
9041
4735
2366
7058
7666
6460
8566
5763
5987
7072
5141
2201
3656
11657
5815
3071
7862
3172
10528
2786
11823
1505
11581
3655
5245
8203
7954
5212
481
8025
3869
6198
3499
6771
8502
11049
10841
3135
1383
11867
8699
8940
10094
10100
7155
8678
2
284
2212
1964
3866
4888
1835
7523
1128
11970
10768
0
193
9016
8463
3360
2317
9082
4670
10055
5769
1597
1877
3758
10390
4806
4438
5230
5425
1892
9394
8713
5350
2053
11720
5036
8415
1169
1157
5192
6786
8
599
2565
5585
6223
8503
11111
10165
11687
5596
11939
8906
3370
6241
7482
1664
5454
4718
2096
9297
5144
11759
5266
7806
9789
115
8490
1573
10700
8112
10368
5935
3307
4192
10251
3744
10619
11265
9786
1164
7233
9343
9095
9052
10530
10707
3236
9429
9396
571
10333
9650
10155
10278
9766
5187
4356
9503
8692
9539
7538
10722
7850
11004
7821
8764
6236
3535
6482
8405
8706
2489
8400
9037
9642
5221
9416
11144
10766
2620
9554
1893
4657
8861
6913
8412
11719
4995
10400
383
2772
2533
6966
229
11963
11090
2188
6449
11915
11645
2996
3495
3333
5281
10420
580
503
10029
11469
368
6954
957
8796
5443
11757
2696
417
7172
4722
2398
10638
4766
10647
4564
3180
9079
248
9466
7747
7271
7334
6326
1022
698
7174
10381
1156
5612
1326
5777
5486
7480
10665
4525
1973
11837
4649
10815
4867
4076
10186
7817
2817
1538
8858
539
1945
3649
5306
11341
11964
1401
11173
7733
11850
1866
6766
783
990
7799
4665
2406
763
11681
10658
10379
4597
11614
3390
10576
2544
1714
9975
8481
5823
8282
3747
4048
1966
10172
6795
5747
5872
2374
4418
7146
3843
8392
2722
11483
11784
4493
1506
3593
4548
8892
994
6120
6705
10544
10515
674
1822
4863
8211
7134
10694
2006
8968
8226
7607
11168
3933
948
2239
2660
1554
9439
3793
3879
5092
4903
3357
2243
11570
7063
11096
786
7956
4557
48
6553
5688
3825
975
6900
10882
6082
7517
10261
7126
5719
10724
11726
11217
937
8187
7248
1244
3401
7430
9139
1451
10559
11553
6874
11768
4441
3601
9560
5797
11550
7302
5576
8001
214
6286
10237
6115
8353
11740
708
3511
5856
8887
1371
9811
6304
8165
6711
8583
2173
633
10909
4800
4794
7572
1948
938
6021
11496
11315
5068
5591
6213
3389
4780
10349
8241
5728
6171
8754
9328
2105
8033
9977
7353
1461
1016
8916
10605
10843
7628
5869
4125
11799
3475
9068
6656
10123
700
3139
7687
872
8204
6867
6237
4621
8091
6218
7324
4204
5979
7704
7860
9921
929
9510
8739
10907
5446
11110
7632
5566
2664
11588
219
9851
11338
5508
11371
6096
504
1696
10289
2238
3150
6355
9091
5917
7198
7161
9701
5368
6934
4895
1740
935
8999
5984
6006
8730
10701
7000
1235
11904
9422
9352
4407
11944
11460
11023
8092
2170
4954
10113
10845
3646
862
367
210
1753
7834
4602
5275
6259
5948
7672
650
6682
2755
2764
4063
611
9330
4615
11934
384
4183
5832
11052
2775
9674
11300
9460
10733
1857
4271
8733
3418
3315
421
7941
6906
6066
7377
8802
1813
8785
5849
3070
2899
7640
1194
1240
4555
4284
4930
6363
2379
9123
2215
3132
8772
10558
5999
2139
6148
10823
6206
1776
10754
2685
6430
9023
1582
8633
3022
6992
2094
9399
5544
1420
7386
10591
4127
5364
654
83
9914
6902
6116
1117
3407
1069
75
318
2657
1878
5096
1831
8629
6145
8880
5161
8782
1952
6176
6359
5618
5432
6243
4010
8899
4026
8673
1742
11109
6725
835
6201
9173
5218
4861
1743
1121
1094
5112
10209
9115
2279
196
6418
8095
3152
9781
445
9628
8408
1300
2184
1000
11424
1957
5105
6172
1138
1211
6353
5291
7419
4578
4061
1265
6002
6162
8366
9848
11274
1992
4748
11852
2232
7279
2762
5420
10345
5046
11330
4479
10464
10220
9579
11977
8447
11457
4239
2067
10916
6609
3603
126
11381
6930
8478
9318
11320
1431
8559
9705
7531
3430
43
3750
1150
6691
1184
2828
5539
8314
7079
4155
53
2929
3539
9526
780
3536
6079
3751
6909
9838
525
2690
5559
557
14
10286
1669
2933
11465
10338
8797
1097
4963
11523
2804
2376
1870
521
4570
10243
5845
7444
6519
9601
3162
6308
11273
8552
1400
66
3437
7606
5597
7494
1687
3586
2035
10015
11650
11871
2490
9546
8659
9150
4051
10344
584
3249
293
10106
11376
7986
2891
9976
9948
2560
11290
4297
2247
6132
11664
4178
4583
9209
4918
4045
1148
2037
10765
4689
3885
2668
3343
3520
3687
10119
1855
1853
1814
4440
998
1139
8432
1524
9084
9814
2235
7125
1898
3760
747
1796
4104
10819
4159
2856
11836
6054
9664
8935
2853
2546
7413
7525
7765
1577
1210
4113
4523
9475
1900
2259
7085
1352
3488
6397
11387
4753
8315
11910
5464
3762
6803
6889
2412
1415
11658
9983
3668
11753
1626
5551
3467
612
7922
9615
7684
9125
8605
10908
5743
2703
2800
11530
1640
930
5974
10791
6748
2966
1928
8877
315
3746
7321
5561
9730
5199
7355
2029
11192
11715
7138
9893
7638
9645
10255
3326
9697
3895
8218
7866
7718
1585
7714
1288
7802
489
1358
2223
5413
9473
4501
10758
1449
10253
2447
11604
712
683
10246
11610
6263
3642
3658
3630
8514
7403
11271
9403
7844
2862
9030
2773
363
9871
4724
6632
11704
5396
6644
9520
2693
7935
3964
3009
10453
8063
4099
5517
8865
3513
488
7112
1843
10674
11449
7130
10512
6040
1508
6327
6880
5129
3937
8102
905
5768
5878
7859
6466
637
667
653
89
6494
5683
4848
267
10852
8394
8065
3683
8671
4717
3281
7283
755
10923
7586
8846
10641
2004
4457
7031
8569
6712
2956
8903
10075
922
2333
11575
427
82
11962
6003
6636
2065
10495
7708
2538
6443
7357
3248
3089
2636
4448
1122
9108
2807
515
1656
10662
7609
5088
8142
9477
2551
7887
8294
2248
512
5104
7256
4370
11463
10416
11748
7511
6944
4073
11116
8346
2793
3001
2396
3086
10138
11924
5499
4309
2268
899
11713
4510
4098
6219
9951
3114
6441
11887
3272
5386
6402
1426
121
7342
4771
1344
9194
2332
6580
6824
5699
10938
4983
11349
530
6272
1769
952
7441
3942
11891
10448
6360
519
10393
282
6583
10343
6540
4571
10124
11211
821
8054
458
4574
4959
5367
10129
5909
8980
9319
1125
6826
10194
11416
6174
3767
2519
3052
4511
2185
7923
329
9959
6227
10010
7603
7618
7237
2019
10128
10020
3608
10861
11106
3894
3273
5271
11398
5149
10745
2781
1159
11243
6000
10455
1599
3234
285
10599
352
5430
190
11865
3482
688
3166
11879
3610
2186
6343
7742
2594
10323
457
597
6547
9468
339
1567
4156
4082
2014
6333
2547
4971
11082
6258
9064
9362
7291
10267
3706
3563
1799
10196
1894
11351
8863
7909
365
9113
9735
3206
5718
9686
6734
5079
386
10826
10067
3358
2087
7312
1782
6798
8060
4851
725
11134
10396
4802
8368
7084
7139
10065
1764
5901
813
10026
9372
8272
11640
10783
11773
4952
2147
10273
2358
9518
7325
8558
1142
4133
9899
11456
10451
4003
7778
3588
8818
1984
6409
699
1442
1327
5830
3075
2706
5167
9916
6231
4149
6244
11350
7969
5926
10693
825
5437
4476
1251
1574
2115
1820
1064
11893
4634
5456
6592
9290
8860
9795
7144
7427
5955
448
6611
8996
3884
693
1292
11064
4558
9217
3046
1624
6697
10438
6606
5592
4651
10127
1834
6539
2866
2365
8687
4215
11761
10406
183
128
8041
2911
4241
2567
11960
7924
8423
7121
4671
7490
8668
6509
842
5109
7110
5644
7643
2541
6537
7474
7770
7717
3857
11968
4268
9039
1398
6329
10363
8984
1052
771
2646
10187
8160
4142
9003
1730
5052
736
9201
8406
8942
1770
1606
963
9858
10218
8724
10268
309
9593
4572
8820
4543
6497
5640
11818
7976
8017
11444
11328
4812
9195
9481
5125
1026
7972
9819
2168
8364
7740
7389
7019
11186
7818
10288
3955
9617
109
8103
1316
3202
2017
6976
3691
10
11669
4095
9717
11883
5672
630
5643
2707
5191
1968
2749
2930
6886
3726
10699
6557
11253
4212
3223
3881
6112
1447
3829
10449
7260
10200
4420
1287
3306
6666
3329
5646
3621
9456
5619
1950
5731
5892
9073
10030
826
2695
5516
11461
511
11717
7565
9342
7201
7858
6715
1376
10557
5083
3704
1965
2422
3702
505
4346
6455
11819
6314
2723
10774
8050
1284
2048
5315
11190
10019
324
4265
4124
4262
391
8890
328
11335
6250
3730
3694
4049
6434
11548
7392
10108
1676
4791
1337
3176
2497
10587
10164
3832
5603
1618
8956
3752
10262
4478
6962
4576
2034
8483
5806
5070
1963
1174
3584
2257
8099
4362
1274
4985
4694
9364
9085
2368
6998
1895
7814
1425
6700
9823
7406
4921
1867
8822
7542
2414
6640
1774
10627
6645
11364
8360
6039
6055
143
1829
9850
6185
182
11352
2225
11778
8233
4373
4115
3470
8269
2026
7305
3890
2505
6958
4395
71
6923
349
6689
444
1145
366
2404
9272
9270
2432
3696
11454
6235
5698
4781
11259
4853
7347
10862
8196
4782
1578
10487
9949
2051
9027
8127
10571
4844
4873
5159
11445
6920
8885
7453
3183
9387
1595
4522
9986
6127
7892
4650
1956
2413
3267
9738
1428
661
4976
5340
6167
10122
7253
1396
9321
6126
2425
871
173
4824
8439
3342
722
9774
3558
103
918
1076
30
200
11288
4984
9138
706
3146
161
3113
8854
3682
10982
6427
3904
10749
4451
7702
7038
2976
2989
11043
7855
10811
3972
8593
10915
4042
7454
9597
8152
5015
9180
2397
9242
6214
5868
9728
5704
3504
2439
319
3850
4169
11366
6007
2997
3705
2109
10965
192
2433
1683
6943
3977
10692
11443
5478
6199
9758
11414
11659
4568
10330
6008
9500
8872
2282
2078
7824
10776
3574
11152
11409
8456
11310
4860
4521
9075
6769
3689
1722
3068
7864
2797
5920
4477
1871
10088
2589
4532
10592
8879
9081
4687
1189
7416
6015
9892
1560
9204
5929
720
9936
11680
6595
1932
4134
11146
10639
2298
10537
9877
5302
6623
9055
8904
5320
4290
5565
7601
340
11558
9166
4380
4644
11499
11494
3860
9067
6238
10161
1085
2813
9884
10369
3753
3995
1708
5608
4519
1006
2984
11980
2064
1517
643
1219
6458
9960
8289
10556
3498
6853
1531
6978
40
5214
6209
1114
7979
11809
4266
517
7481
11285
4248
2710
1407
5213
1695
5895
4022
9533
5378
2172
9639
2689
10588
7547
9713
9927
2530
5135
2354
6147
8262
5677
8801
4264
10418
10114
1647
7345
11662
2108
8275
9583
2915
7223
5138
2715
10383
9794
10227
1991
1767
2602
10582
9964
880
3662
4162
6879
10386
2448
8049
11533
635
8790
6399
6211
550
9320
1084
4653
2993
4944
2221
8652
1213
2380
7122
4920
5537
3698
7193
8097
8660
465
5977
6892
5807
10881
6866
1856
2970
9919
6550
2960
276
2187
7091
9905
5202
4582
888
10308
290
4378
10473
8640
5670
5009
8168
17
5503
4354
1295
3984
9714
9854
111
2637
3269
6594
528
5471
973
4769
4182
2199
3450
5346
2954
1623
1124
7853
4720
9186
9283
3817
9649
2062
8365
7411
9339
3215
4250
3715
7068
33
5737
1850
1496
5469
2849
8525
6477
6994
4071
9145
16
6750
9298
956
4371
2661
19
8318
425
4908
6169
7061
7669
5468
9282
10279
10892
11030
11074
4733
11959
10063
7498
2708
7820
7553
6628
8810
8929
10173
7366
8384
3314
8700
11926
1869
6277
9859
10933
7646
3863
7348
8417
9734
10720
2052
5520
10207
6888
1780
7787
6714
10805
2972
1181
4879
1140
11425
191
8888
4421
10491
6721
10374
7931
5741
11660
5783
212
9471
3285
11830
9961
9740
60
9506
1868
10631
8601
11492
7585
1332
11428
10901
5120
8928
4849
1033
1304
7815
5328
5717
1441
9128
7635
8606
1958
8044
2848
9014
11468
6753
2623
11595
4177
11176
10264
7914
9634
11224
5375
5158
6182
2961
7398
6908
7970
4773
5278
8844
9931
3319
5028
1734
11901
11804
5628
869
833
3893
4580
3759
11411
3739
7372
11437
6622
2900
4625
8669
7471
4459
5501
6695
5723
10167
5020
1175
3628
7111
6737
7985
1334
5560
7204
350
80
11932
4384
8763
11485
11568
4375
9078
11741
981
6083
3438
689
7470
7457
6813
9720
685
9688
4410
2523
9354
2669
3571
11462
1584
1922
4553
7036
493
8208
1749
4359
11294
5382
1674
6582
6855
4088
9049
433
2476
4102
4263
9754
7432
6971
2195
8574
4279
7773
9627
9932
11938
11459
8775
9817
3573
5810
5663
5821
10860
3059
7456
9323
3914
6936
10937
3455
11885
9072
8809
805
7147
4592
5842
3714
7119
8149
1283
1483
10998
8644
2713
2916
794
10983
1034
11729
3935
3711
9131
7543
294
1908
10342
11203
1270
9285
6446
9071
11180
8482
10671
6242
9816
10320
10375
2729
11806
440
1880
11728
7894
3979
2446
10484
703
2242
3105
11334
6627
7032
8046
8661
1294
9872
5073
6794
11184
11003
1018
492
1402
8914
9335
1243
6613
10506
7258
6451
9151
1500
1091
4307
2152
5546
11126
5500
1940
7901
11597
1537
11851
2881
252
1261
1983
1462
9093
3581
11400
2103
211
8703
8069
2999
10041
11688
3088
10077
11847
11070
9407
6184
9755
8884
4874
26
2666
4539
5897
6384
11099
5798
6027
11691
6674
9543
8833
623
8252
537
10421
8955
10032
4697
2698
10850
7560
7782
4364
8298
3478
9303
7425
8676
9656
11782
9531
11348
9808
1933
1399
8829
4335
764
2025
3080
9589
11050
2151
9703
904
403
9924
4009
10274
3960
8325
376
44
9828
1815
1276
7002
5228
10025
8260
741
3794
8222
7362
5575
10000
6574
4989
9847
4145
11829
3845
5975
1847
5027
4456
4764
8541
8391
5487
3144
10643
9840
2823
606
3348
5915
10245
2097
5650
9363
7883
10271
1882
3203
3115
992
6502
7259
8560
551
3048
1202
6094
10144
2263
5642
5352
2209
9809
10832
3298
11401
4400
11420
9677
405
5715
2484
4778
5587
7170
491
3161
10602
11560
1014
8680
5535
2437
695
6703
8976
9955
3283
6268
5287
4734
11925
6765
11884
5017
8528
7356
4906
7316
1830
6941
8119
4799
10011
3102
2942
1886
6857
10600
3340
11138
11179
9845
3632
8679
8741
5284
7140
6157
9221
8377
10097
6057
810
8748
4706
758
4398
6650
9535
6638
6275
5457
9371
9954
2595
5701
11843
8316
5339
3923
10428
498
4886
6754
11415
2377
4663
5936
7168
7234
11242
5168
5470
9849
5089
5504
11677
730
8147
9544
9555
6415
11861
11951
1180
5078
9175
1728
3505
11161
8608
10258
4795
4487
3883
2336
1731
1610
3204
8878
1297
7655
6665
10422
10325
11283
119
11907
6849
2794
6869
205
3154
9761
662
744
11385
11258
10773
11623
3155
3597
10928
3302
11508
9668
3391
1698
5211
9410
933
3497
6253
273
11737
1086
2441
7991
8184
10607
9154
9894
247
6668
11730
6093
8643
10767
2411
8388
11279
3145
1729
5829
4811
6593
11332
3303
6587
8251
1677
7178
6528
2091
1852
2991
10326
11246
10061
4909
9307
8757
8918
10410
10632
4044
10799
4194
7937
10984
8166
5641
8599
5880
2846
4721
6346
11698
3670
1013
5543
10040
8257
10426
9722
6565
4779
1542
3853
3856
4304
10419
5370
906
9161
4618
4484
6546
2655
9541
1059
4112
10086
2867
11404
5341
3615
5297
1230
2341
1712
1756
578
6907
11427
8768
5331
9102
1063
4006
4174
2352
3377
8882
10180
8738
1487
7644
3663
