11988
11987
11986
11980
11977
11970
11968
11967
11964
11963
11962
11960
11959
11952
11951
11947
11944
11939
11938
11934
11932
11930
11926
11925
11924
11915
11910
11907
11904
11901
11893
11891
11887
11885
11884
11883
11879
11871
11867
11865
11861
11852
11851
11850
11847
11843
11837
11836
11830
11829
11823
11819
11818
11809
11806
11804
11799
11798
11784
11782
11778
11773
11768
11761
11759
11757
11753
11751
11748
11741
11740
11737
11730
11729
11728
11726
11720
11719
11717
11715
11713
11709
11704
11698
11691
11688
11687
11681
11680
11677
11669
11666
11664
11662
11660
11659
11658
11657
11650
11645
11640
11636
11623
11614
11610
11604
11597
11595
11588
11581
11575
11570
11568
11563
11560
11558
11555
11553
11550
11548
11533
11530
11523
11514
11508
11504
11499
11496
11494
11492
11486
11485
11484
11483
11482
11475
11469
11468
11466
11465
11463
11462
11461
11460
11459
11457
11456
11454
11449
11447
11445
11444
11443
11437
11428
11427
11425
11424
11420
11419
11418
11416
11415
11414
11411
11409
11404
11401
11400
11398
11387
11385
11381
11376
11371
11366
11364
11352
11351
11350
11349
11348
11341
11338
11335
11334
11332
11330
11328
11320
11315
11310
11300
11294
11290
11289
11288
11285
11283
11279
11278
11274
11273
11271
11265
11259
11258
11253
11250
11246
11243
11242
11238
11224
11217
11211
11203
11197
11194
11192
11190
11186
11185
11184
11183
11180
11179
11176
11173
11171
11168
11161
11155
11152
11151
11146
11144
11138
11134
11133
11126
11116
11113
11112
11111
11110
11109
11106
11099
11096
11090
11082
11074
11070
11064
11063
11062
11052
11050
11049
11043
11041
11033
11032
11030
11023
11004
11003
10998
10984
10983
10982
10965
10957
10950
10938
10937
10933
10928
10923
10918
10916
10915
10911
10909
10908
10907
10901
10897
10892
10888
10882
10881
10862
10861
10860
10852
10850
10845
10843
10841
10832
10826
10823
10821
10819
10815
10811
10808
10805
10799
10794
10791
10783
10776
10774
10773
10768
10767
10766
10765
10758
10754
10749
10745
10742
10733
10729
10724
10722
10720
10719
10709
10707
10701
10700
10699
10694
10693
10692
10686
10678
10675
10674
10671
10665
10662
10658
10648
10647
10643
10641
10639
10638
10632
10631
10627
10619
10607
10605
10602
10600
10599
10592
10591
10588
10587
10583
10582
10576
10571
10570
10565
10559
10558
10557
10556
10544
10541
10537
10530
10528
10515
10512
10506
10501
10496
10495
10492
10491
10487
10484
10473
10464
10456
10455
10453
10451
10449
10448
10445
10442
10438
10428
10427
10426
10422
10421
10420
10419
10418
10417
10416
10410
10406
10400
10396
10393
10390
10386
10383
10381
10379
10375
10374
10369
10368
10365
10363
10349
10347
10345
10344
10343
10342
10338
10333
10330
10326
10325
10323
10320
10308
10291
10289
10288
10286
10279
10278
10274
10273
10271
10268
10267
10264
10262
10261
10258
10256
10255
10253
10251
10246
10245
10243
10237
10227
10220
10218
10214
10209
10208
10207
10200
10199
10196
10194
10187
10186
10181
10180
10174
10173
10172
10167
10165
10164
10163
10161
10155
10154
10144
10138
10134
10129
10128
10127
10124
10123
10122
10119
10114
10113
10108
10106
10102
10100
10097
10094
10088
10086
10082
10079
10077
10075
10073
10067
10066
10065
10063
10061
10055
10048
10041
10040
10032
10030
10029
10026
10025
10020
10019
10015
10011
10010
10000
9990
9986
9983
9977
9976
9975
9964
9961
9960
9959
9955
9954
9951
9949
9948
9936
9932
9931
9927
9924
9921
9920
9919
9916
9914
9905
9899
9898
9894
9893
9892
9884
9877
9872
9871
9859
9858
9854
9853
9851
9850
9849
9848
9847
9845
9840
9838
9828
9823
9819
9817
9816
9814
9813
9812
9811
9809
9808
9795
9794
9789
9786
9781
9774
9766
9761
9759
9758
9755
9754
9740
9738
9735
9734
9730
9728
9722
9720
9717
9714
9713
9705
9703
9701
9697
9688
9686
9677
9674
9668
9664
9656
9650
9649
9647
9645
9642
9639
9634
9628
9627
9617
9615
9602
9601
9597
9593
9589
9583
9581
9579
9560
9555
9554
9546
9544
9543
9541
9539
9538
9535
9533
9531
9526
9520
9518
9510
9506
9503
9500
9481
9477
9475
9473
9471
9468
9466
9460
9459
9456
9439
9437
9429
9422
9416
9410
9407
9403
9399
9396
9394
9387
9372
9371
9364
9363
9362
9354
9352
9347
9343
9342
9339
9335
9330
9328
9323
9321
9320
9319
9318
9311
9307
9303
9298
9297
9290
9285
9283
9282
9280
9275
9272
9270
9269
9258
9242
9232
9221
9217
9209
9204
9201
9195
9194
9186
9180
9175
9173
9166
9162
9161
9159
9154
9151
9150
9145
9139
9138
9137
9131
9128
9127
9125
9123
9118
9115
9113
9108
9104
9103
9102
9101
9100
9095
9093
9091
9085
9084
9082
9081
9079
9078
9075
9073
9072
9071
9068
9067
9064
9055
9052
9049
9041
9039
9037
9030
9027
9023
9020
9016
9014
9009
9003
8999
8996
8984
8980
8976
8969
8968
8956
8955
8942
8940
8935
8934
8929
8928
8918
8916
8914
8912
8906
8904
8903
8899
8892
8890
8888
8887
8885
8884
8882
8880
8879
8878
8877
8873
8872
8869
8865
8863
8861
8860
8858
8854
8852
8846
8844
8833
8829
8822
8820
8818
8810
8809
8802
8801
8797
8796
8790
8785
8783
8782
8775
8772
8771
8768
8764
8763
8757
8756
8754
8748
8744
8741
8739
8738
8736
8733
8730
8728
8724
8714
8713
8706
8703
8700
8699
8692
8687
8680
8679
8678
8676
8673
8671
8669
8668
8661
8660
8659
8652
8644
8643
8640
8633
8629
8613
8610
8608
8606
8605
8601
8599
8593
8583
8574
8570
8569
8568
8566
8560
8559
8558
8552
8550
8541
8530
8528
8525
8514
8513
8503
8502
8490
8483
8482
8481
8478
8463
8456
8447
8439
8432
8423
8417
8415
8412
8408
8406
8405
8400
8394
8392
8391
8388
8384
8377
8368
8366
8365
8364
8363
8360
8353
8347
8346
8325
8318
8316
8315
8314
8298
8294
8289
8282
8275
8272
8269
8268
8265
8262
8260
8257
8252
8251
8245
8241
8233
8231
8226
8222
8218
8211
8208
8206
8204
8203
8196
8187
8184
8178
8168
8166
8165
8160
8159
8152
8149
8147
8142
8127
8119
8112
8111
8103
8102
8099
8097
8095
8092
8091
8087
8085
8080
8069
8065
8063
8060
8054
8050
8049
8046
8044
8043
8041
8040
8033
8025
8017
8001
7996
7991
7986
7985
7981
7979
7976
7972
7970
7969
7965
7960
7956
7955
7954
7941
7937
7935
7931
7924
7923
7922
7914
7909
7901
7894
7892
7890
7887
7886
7883
7879
7866
7864
7863
7862
7860
7859
7858
7855
7853
7850
7844
7843
7834
7826
7824
7821
7820
7818
7817
7815
7814
7810
7806
7802
7799
7798
7787
7782
7778
7773
7770
7765
7747
7742
7740
7733
7718
7717
7714
7708
7704
7702
7697
7687
7684
7672
7669
7666
7655
7646
7644
7643
7640
7638
7635
7632
7628
7618
7615
7609
7607
7606
7603
7601
7586
7585
7582
7572
7566
7565
7560
7553
7548
7547
7543
7542
7538
7531
7530
7525
7523
7517
7511
7508
7498
7494
7490
7482
7481
7480
7474
7471
7470
7466
7457
7456
7454
7453
7445
7444
7441
7432
7430
7427
7425
7419
7416
7413
7411
7406
7403
7398
7392
7389
7387
7386
7377
7374
7372
7366
7363
7362
7358
7357
7356
7355
7353
7348
7347
7345
7342
7334
7325
7324
7321
7316
7313
7312
7305
7302
7291
7283
7279
7271
7264
7260
7259
7258
7257
7256
7253
7248
7245
7243
7237
7234
7233
7226
7223
7204
7201
7198
7193
7178
7174
7172
7170
7168
7161
7155
7147
7146
7144
7140
7139
7138
7137
7134
7130
7126
7125
7122
7121
7120
7119
7118
7112
7111
7110
7091
7085
7084
7079
7072
7068
7067
7063
7061
7058
7038
7036
7032
7031
7019
7002
7000
6998
6997
6994
6992
6978
6976
6972
6971
6966
6962
6958
6954
6944
6943
6941
6936
6934
6930
6923
6920
6913
6909
6908
6907
6906
6904
6902
6900
6897
6895
6893
6892
6889
6888
6886
6880
6879
6877
6874
6869
6867
6866
6857
6855
6853
6849
6826
6824
6818
6815
6813
6812
6803
6801
6798
6795
6794
6789
6786
6782
6771
6769
6766
6765
6754
6753
6750
6748
6737
6734
6725
6721
6715
6714
6712
6711
6706
6705
6703
6700
6697
6695
6691
6689
6682
6681
6674
6668
6666
6665
6656
6650
6649
6645
6644
6640
6638
6636
6632
6628
6627
6623
6622
6613
6611
6609
6606
6599
6595
6594
6593
6592
6587
6583
6582
6580
6574
6573
6565
6557
6553
6550
6547
6546
6540
6539
6537
6528
6519
6509
6502
6497
6494
6482
6477
6466
6460
6458
6455
6451
6449
6446
6443
6441
6434
6430
6427
6426
6418
6415
6409
6402
6399
6397
6388
6384
6363
6360
6359
6355
6353
6346
6343
6336
6333
6329
6327
6326
6325
6322
6320
6314
6308
6304
6298
6286
6283
6280
6277
6275
6272
6268
6263
6259
6258
6253
6250
6244
6243
6242
6241
6238
6237
6236
6235
6231
6227
6223
6219
6218
6214
6213
6211
6210
6209
6206
6201
6199
6198
6187
6185
6184
6182
6176
6174
6172
6171
6169
6167
6162
6157
6148
6147
6146
6145
6132
6127
6126
6123
6120
6116
6115
6112
6109
6096
6094
6093
6089
6083
6082
6079
6066
6057
6055
6054
6042
6040
6039
6027
6022
6021
6015
6008
6007
6006
6003
6002
6000
5999
5987
5986
5984
5979
5977
5975
5974
5955
5948
5942
5936
5935
5929
5926
5920
5917
5915
5909
5901
5897
5895
5892
5880
5878
5872
5870
5869
5868
5856
5849
5846
5845
5844
5842
5832
5830
5829
5823
5821
5815
5810
5807
5806
5798
5797
5783
5777
5773
5769
5768
5765
5764
5763
5759
5747
5743
5741
5737
5731
5728
5723
5719
5718
5717
5716
5715
5704
5701
5699
5698
5688
5683
5677
5672
5670
5663
5650
5646
5644
5643
5642
5641
5640
5628
5619
5618
5612
5608
5603
5597
5596
5592
5591
5587
5585
5576
5575
5566
5565
5561
5560
5559
5555
5551
5546
5544
5543
5539
5537
5535
5523
5520
5517
5516
5508
5504
5503
5501
5500
5499
5487
5486
5480
5478
5471
5470
5469
5468
5464
5457
5456
5454
5447
5446
5443
5438
5437
5432
5430
5425
5420
5413
5396
5386
5382
5378
5375
5370
5368
5367
5364
5353
5352
5350
5346
5341
5340
5339
5331
5328
5320
5315
5311
5306
5302
5297
5291
5287
5284
5281
5278
5275
5271
5266
5264
5245
5230
5228
5221
5218
5214
5213
5212
5211
5208
5202
5199
5192
5191
5187
5183
5173
5168
5167
5161
5159
5158
5149
5144
5142
5141
5138
5135
5129
5125
5120
5112
5109
5105
5104
5096
5092
5089
5088
5083
5079
5078
5073
5070
5068
5067
5052
5046
5036
5028
5027
5020
5017
5015
5009
4997
4995
4989
4985
4984
4983
4977
4976
4971
4969
4963
4962
4959
4954
4952
4944
4935
4930
4921
4920
4918
4916
4909
4908
4906
4903
4895
4888
4886
4879
4876
4875
4874
4873
4867
4865
4863
4861
4860
4853
4851
4849
4848
4844
4829
4824
4812
4811
4806
4802
4800
4799
4795
4794
4791
4782
4781
4780
4779
4778
4773
4771
4769
4766
4764
4753
4750
4748
4735
4734
4733
4724
4722
4721
4720
4718
4717
4708
4706
4700
4699
4697
4694
4689
4687
4674
4671
4670
4669
4665
4663
4657
4653
4651
4650
4649
4644
4643
4642
4634
4628
4625
4624
4621
4618
4615
4602
4597
4596
4592
4583
4582
4580
4578
4576
4574
4572
4571
4570
4568
4564
4558
4557
4555
4553
4548
4547
4543
4539
4532
4525
4523
4522
4521
4519
4516
4514
4511
4510
4503
4501
4493
4487
4484
4479
4478
4477
4476
4459
4457
4456
4451
4448
4441
4440
4438
4430
4421
4420
4418
4410
4407
4402
4400
4398
4395
4391
4384
4380
4378
4375
4374
4373
4371
4370
4364
4362
4359
4356
4354
4346
4335
4309
4307
4304
4297
4290
4284
4279
4278
4272
4271
4268
4266
4265
4264
4263
4262
4250
4248
4241
4239
4230
4215
4212
4204
4194
4192
4183
4182
4178
4177
4174
4169
4163
4162
4159
4156
4155
4149
4145
4142
4134
4133
4127
4125
4124
4115
4113
4112
4104
4103
4102
4099
4098
4095
4088
4082
4076
4073
4072
4071
4063
4061
4055
4051
4049
4048
4045
4044
4043
4042
4026
4022
4010
4009
4006
4003
3998
3995
3984
3979
3977
3972
3964
3960
3955
3942
3937
3935
3933
3923
3914
3904
3895
3894
3893
3891
3890
3885
3884
3883
3881
3879
3873
3869
3866
3863
3860
3858
3857
3856
3853
3850
3845
3843
3832
3829
3825
3817
3794
3793
3767
3762
3760
3759
3758
3753
3752
3751
3750
3747
3746
3744
3739
3732
3730
3726
3721
3715
3714
3711
3706
3705
3704
3702
3698
3696
3694
3691
3689
3687
3683
3682
3675
3670
3668
3663
3662
3658
3656
3655
3649
3646
3644
3642
3640
3635
3632
3630
3628
3621
3615
3610
3608
3603
3601
3597
3593
3591
3588
3586
3584
3581
3574
3573
3571
3563
3562
3558
3554
3553
3539
3536
3535
3520
3513
3511
3508
3505
3504
3499
3498
3497
3495
3488
3482
3478
3475
3470
3467
3458
3455
3450
3438
3437
3436
3430
3420
3418
3416
3407
3401
3391
3390
3389
3388
3381
3377
3370
3360
3358
3357
3348
3343
3342
3340
3333
3329
3326
3319
3315
3314
3307
3306
3303
3302
3298
3285
3283
3281
3273
3272
3269
3267
3249
3248
3236
3234
3223
3215
3206
3204
3203
3202
3197
3192
3183
3180
3176
3172
3166
3162
3161
3155
3154
3152
3150
3146
3145
3144
3139
3135
3133
3132
3115
3114
3113
3111
3105
3102
3089
3088
3086
3080
3075
3071
3070
3068
3065
3059
3053
3052
3048
3046
3022
3018
3015
3009
3001
2999
2997
2996
2993
2991
2989
2984
2976
2972
2970
2966
2961
2960
2958
2956
2954
2948
2942
2933
2930
2929
2916
2915
2911
2906
2900
2899
2898
2893
2891
2885
2881
2867
2866
2864
2862
2859
2856
2855
2853
2849
2848
2846
2828
2823
2817
2816
2813
2808
2807
2804
2800
2797
2794
2793
2786
2781
2775
2773
2772
2764
2762
2755
2749
2740
2729
2723
2722
2716
2715
2713
2712
2710
2708
2707
2706
2703
2698
2696
2695
2693
2690
2689
2685
2669
2668
2666
2664
2661
2660
2657
2655
2646
2637
2636
2623
2620
2602
2595
2594
2589
2587
2569
2567
2565
2560
2551
2547
2546
2544
2541
2538
2537
2533
2532
2530
2523
2519
2507
2505
2497
2490
2489
2486
2484
2476
2448
2447
2446
2441
2439
2437
2433
2432
2429
2425
2422
2418
2414
2413
2412
2411
2406
2404
2398
2397
2396
2385
2380
2379
2377
2376
2374
2368
2366
2365
2360
2358
2354
2352
2349
2341
2336
2333
2332
2322
2317
2300
2298
2295
2294
2285
2282
2279
2271
2268
2263
2259
2257
2248
2247
2243
2242
2239
2238
2235
2233
2232
2225
2223
2221
2215
2212
2209
2206
2205
2201
2199
2195
2194
2188
2187
2186
2185
2184
2182
2173
2172
2170
2168
2152
2151
2147
2139
2135
2129
2127
2124
2115
2109
2108
2107
2105
2103
2097
2096
2094
2091
2087
2078
2067
2065
2064
2062
2058
2053
2052
2051
2048
2041
2037
2035
2034
2029
2026
2025
2019
2017
2014
2006
2004
1992
1991
1984
1983
1977
1973
1972
1968
1966
1965
1964
1963
1958
1957
1956
1952
1950
1949
1948
1945
1940
1936
1934
1933
1932
1928
1922
1908
1900
1898
1895
1894
1893
1892
1886
1882
1880
1878
1877
1871
1870
1869
1868
1867
1866
1857
1856
1855
1853
1852
1850
1849
1847
1843
1835
1834
1831
1830
1829
1822
1820
1815
1814
1813
1809
1799
1796
1793
1787
1782
1780
1778
1776
1774
1770
1769
1767
1764
1756
1753
1749
1743
1742
1740
1734
1731
1730
1729
1728
1722
1721
1714
1712
1708
1698
1696
1695
1687
1683
1677
1676
1674
1669
1664
1663
1656
1647
1640
1626
1624
1623
1618
1610
1606
1599
1597
1595
1585
1584
1582
1578
1577
1574
1573
1571
1567
1560
1554
1550
1542
1538
1537
1531
1524
1517
1508
1506
1505
1500
1496
1487
1483
1479
1462
1461
1451
1449
1447
1446
1442
1441
1431
1428
1426
1425
1420
1415
1407
1402
1401
1400
1399
1398
1396
1383
1376
1371
1358
1352
1345
1344
1343
1337
1334
1332
1327
1326
1316
1304
1300
1297
1295
1294
1292
1290
1288
1287
1284
1283
1281
1276
1274
1270
1265
1261
1256
1251
1246
1244
1243
1240
1235
1230
1224
1219
1216
1213
1211
1210
1202
1194
1192
1189
1184
1182
1181
1180
1175
1174
1169
1164
1159
1157
1156
1150
1148
1145
1142
1140
1139
1138
1128
1126
1125
1124
1122
1121
1117
1114
1108
1097
1094
1091
1086
1085
1084
1076
1072
1069
1064
1063
1059
1055
1052
1043
1034
1033
1029
1026
1022
1018
1016
1014
1013
1011
1006
1001
1000
998
996
994
992
990
981
975
973
963
957
956
952
948
938
937
935
933
930
929
928
922
918
906
905
904
899
888
884
880
879
872
871
869
862
861
842
835
833
826
825
821
815
813
810
805
804
796
794
786
783
782
781
780
771
764
763
758
755
747
744
741
736
730
725
722
720
712
708
706
703
700
699
698
695
693
691
689
688
685
683
674
667
663
662
661
654
653
650
643
637
635
633
630
623
615
612
611
606
599
597
584
582
580
578
571
557
551
550
539
537
530
528
525
521
519
517
515
512
511
505
504
503
498
493
492
491
489
488
482
481
465
458
457
448
445
444
440
433
427
425
421
417
405
403
391
386
384
383
376
368
367
366
365
363
352
350
349
340
339
329
328
324
319
318
315
309
294
293
290
285
284
282
281
276
273
267
253
252
248
247
229
219
214
212
211
210
205
200
196
193
192
191
190
183
182
173
161
144
143
142
128
126
121
119
115
111
109
103
97
89
83
82
80
75
71
67
66
60
53
52
48
44
43
40
33
30
26
19
17
16
14
10
8
2
0
