25
1064
182
36
1195
94
342
1167
916
48
328
493
836
1029
800
562
459
725
557
995
198
330
457
855
319
1190
524
987
269
1100
147
661
581
754
743
156
409
848
966
22
91
577
810
177
287
718
415
954
179
647
882
6
103
346
383
1179
947
687
674
322
604
637
973
833
116
263
1014
918
462
105
56
230
1183
470
392
652
321
484
433
889
1030
927
998
792
579
136
33
481
272
149
387
560
649
1055
224
575
217
1194
110
274
1168
1106
715
1011
707
1053
875
867
42
85
790
768
594
1060
312
370
903
466
477
87
723
874
347
646
464
444
1119
871
914
160
361
576
573
722
463
205
1166
220
1069
585
337
1063
1037
920
1007
968
623
1110
673
894
502
638
357
785
1050
125
692
1181
1140
266
584
21
9
744
1141
820
276
1142
838
1188
720
1067
449
249
694
303
101
1126
678
50
1187
447
469
682
1043
41
1112
969
261
909
887
150
708
207
183
122
219
308
982
345
191
512
64
164
609
1115
384
994
313
517
588
672
492
1148
1005
941
504
195
751
98
859
622
386
376
1120
482
896
450
740
1070
304
134
1016
1164
872
351
605
184
975
898
161
679
71
1117
145
844
335
789
46
68
8
992
107
104
1114
123
659
1149
300
547
235
856
1163
950
518
1072
870
188
112
166
1020
843
2
1068
445
1032
899
741
430
306
82
626
121
1009
901
684
196
295
109
923
283
307
753
612
685
355
531
398
945
627
